id,listingType,url,price,tagClassName,tagText,date,street,suburb,state,postcode,lat,lng,beds,baths,parking,propertyType,propertyTypeFormatted,isRural,landSize,landUnit,isRetirement
2017904492,listing,/12-adelaide-street-cooktown-qld-4895-2017904492,Price Withheld,is-sold,Sold by private treaty 28 Feb 2023,20230228,12 Adelaide Street,COOKTOWN,QLD,4895,-15.474329,145.246658,4,4,4,House,House,False,1012.0,m2,False
2013845845,listing,/49-solander-road-cooktown-qld-4895-2013845845,Price Withheld,is-sold,Sold by private treaty 21 Dec 2022,20221221,49 Solander Road,COOKTOWN,QLD,4895,-15.4624548,145.148773,NaN,NaN,NaN,Rural,Rural,True,12.14,ha,False
2016385751,listing,/1384-endeavour-valley-rd-cooktown-qld-4895-2016385751,200000,is-sold,Sold by private treaty 21 Nov 2022,20221121,1384 Endeavour Valley Rd,COOKTOWN,QLD,4895,-15.4218845,145.1517,NaN,NaN,NaN,VacantLand,Vacant land,True,29.12,ha,False
2016461584,listing,/28-furneaux-st-cooktown-qld-4895-2016461584,210000,is-sold,Sold by private treaty 20 Dec 2022,20221220,28 Furneaux St,COOKTOWN,QLD,4895,-15.4701729,145.2534,2,2,2,House,House,False,1012.0,m2,False
2016803920,listing,/6-hagarty-close-cooktown-qld-4895-2016803920,Price Withheld,is-sold,Sold by private treaty 12 Jan 2023,20230112,6 Hagarty Close,COOKTOWN,QLD,4895,-15.4744692,145.227875,2,2,2,House,House,False,1012.0,m2,False
2017259673,listing,/21-rossville-bloomfield-road-bloomfield-qld-4895-2017259673,Price Withheld,is-sold,Sold by private treaty 20 Dec 2022,20221220,21 Rossville Bloomfield Road,BLOOMFIELD,QLD,4895,-15.8875637,145.335648,NaN,NaN,NaN,VacantLand,Vacant land,True,3.14,ha,False
2017631936,listing,/12-john-street-cooktown-qld-4895-2017631936,Price Withheld,is-sold,Sold by private treaty 21 Feb 2023,20230221,12 John Street,COOKTOWN,QLD,4895,-15.4754992,145.251282,2,2,2,House,House,False,1012.0,m2,False
2017704994,listing,/60-howard-street-cooktown-qld-4895-2017704994,400000,is-sold,Sold by private treaty 20 Jan 2023,20230120,60 Howard Street,COOKTOWN,QLD,4895,-15.4770613,145.256271,NaN,NaN,NaN,VacantLand,Vacant land,True,2.02,ha,False
2017752603,listing,/3-helen-st-cooktown-qld-4895-2017752603,93000,is-sold,Sold by private treaty 20 Dec 2022,20221220,3 Helen St,COOKTOWN,QLD,4895,-15.475481,145.248108,NaN,NaN,NaN,VacantLand,Vacant land,False,1012.0,m2,False
2017782206,listing,/29-the-esplanade-cooktown-qld-4895-2017782206,780000,is-sold,Sold by private treaty 14 Feb 2023,20230214,29 The Esplanade,COOKTOWN,QLD,4895,-15.4934559,145.275177,3,3,3,House,House,False,607.0,m2,False
2017804050,listing,/62-charlotte-st-cooktown-qld-4895-2017804050,200000,is-sold,Sold by private treaty 12 Dec 2022,20221212,62 Charlotte St,COOKTOWN,QLD,4895,-15.473527,145.248154,NaN,NaN,NaN,VacantLand,Vacant land,False,1012.0,m2,False
2017853680,listing,/6-armbrust-st-cooktown-qld-4895-2017853680,440000,is-sold,Sold by private treaty 01 Dec 2022,20221201,6 Armbrust St,COOKTOWN,QLD,4895,-15.4761391,145.226654,3,3,3,House,House,False,2000.0,m2,False
2017934233,listing,/19-ida-street-cooktown-qld-4895-2017934233,370000,is-sold,Sold by private treaty 24 Nov 2022,20221124,19 Ida Street,COOKTOWN,QLD,4895,-15.479517,145.254089,3,3,3,House,House,False,881.0,m2,False
2017946974,listing,/7-gum-tree-cl-cooktown-qld-4895-2017946974,480000,is-sold,Sold by private treaty 12 Dec 2022,20221212,7 Gum Tree Cl,COOKTOWN,QLD,4895,-15.4774017,145.208679,3,3,3,House,House,False,4428.0,m2,False
2018045496,listing,/9-howard-st-cooktown-qld-4895-2018045496,200000,is-sold,Sold by private treaty 09 Jan 2023,20230109,9 Howard St,COOKTOWN,QLD,4895,-15.4736757,145.247986,NaN,NaN,NaN,VacantLand,Vacant land,False,500.0,m2,False
2018045507,listing,/11-howard-st-cooktown-qld-4895-2018045507,200000,is-sold,Sold by private treaty 12 Dec 2022,20221212,11 Howard St,COOKTOWN,QLD,4895,-15.4737263,145.2482,NaN,NaN,NaN,VacantLand,Vacant land,False,500.0,m2,False
2018070487,listing,/2-may-st-cooktown-qld-4895-2018070487,362500,is-sold,Sold by private treaty 02 Feb 2023,20230202,2 May St,COOKTOWN,QLD,4895,-15.4807215,145.2512,3,3,3,House,House,False,1290.0,m2,False
2018148899,listing,/14-john-street-cooktown-qld-4895-2018148899,80000,is-sold,Sold by private treaty 12 Jan 2023,20230112,14 John Street,COOKTOWN,QLD,4895,-15.4753752,145.251434,NaN,NaN,NaN,VacantLand,Vacant land,False,1012.0,m2,False
2018176087,listing,/27-ida-street-cooktown-qld-4895-2018176087,375000,is-sold,Sold by private treaty 05 Dec 2022,20221205,27 Ida Street,COOKTOWN,QLD,4895,-15.4785471,145.255936,2,2,2,House,House,True,2.17,ha,False
2018235237,listing,/65-charlotte-st-cooktown-qld-4895-2018235237,90000,is-sold,Sold by private treaty 30 Jan 2023,20230130,65 Charlotte St,COOKTOWN,QLD,4895,-15.4728107,145.247574,NaN,NaN,NaN,VacantLand,Vacant land,False,1012.0,m2,False
2016178424,listing,/2-parkinson-street-cooktown-qld-4895-2016178424,140000,is-sold,Sold by private treaty 11 Nov 2022,20221111,2 Parkinson Street,COOKTOWN,QLD,4895,-15.4872208,145.254822,NaN,NaN,NaN,VacantLand,Vacant land,True,1.62,ha,False
2016719625,listing,/49-may-st-cooktown-qld-4895-2016719625,150000,is-sold,Sold by private treaty 21 Oct 2022,20221021,49 May St,COOKTOWN,QLD,4895,-15.4733047,145.252472,3,3,3,House,House,False,1012.0,m2,False
2016721267,listing,/26-parkinson-st-cooktown-qld-4895-2016721267,515000,is-sold,Sold by private treaty 16 Sep 2022,20220916,26 Parkinson St,COOKTOWN,QLD,4895,-15.4848509,145.255142,4,4,4,House,House,True,1.01,ha,False
2016924902,listing,/5-helen-st-cooktown-qld-4895-2016924902,600000,is-sold,Sold by private treaty 21 Oct 2022,20221021,5 Helen St,COOKTOWN,QLD,4895,-15.475275,145.248169,4,4,4,House,House,False,1012.0,m2,False
2016980080,listing,/8-harry-heaths-cl-cooktown-qld-4895-2016980080,413500,is-sold,Sold by private treaty 26 Aug 2022,20220826,8 Harry Heaths Cl,COOKTOWN,QLD,4895,-15.4744406,145.215927,3,3,3,House,House,False,5678.0,m2,False
2017194247,listing,/68-charlotte-street-cooktown-qld-4895-2017194247,Price Withheld,is-sold,Sold by private treaty 25 Aug 2022,20220825,68 Charlotte Street,COOKTOWN,QLD,4895,-15.4729586,145.248154,3,3,3,House,House,False,0.0,m2,False
2017344344,listing,/26-parkinson-street-cooktown-qld-4895-2017344344,515000,is-sold,Sold by private treaty 16 Sep 2022,20220916,26 Parkinson Street,COOKTOWN,QLD,4895,-15.4848509,145.255142,4,4,4,House,House,True,1.01,ha,False
2017443989,listing,/78-charlotte-street-cooktown-qld-4895-2017443989,200000,is-sold,Sold by private treaty 23 Sep 2022,20220923,78 Charlotte Street,COOKTOWN,QLD,4895,-15.4716148,145.248489,2,2,2,House,House,False,607.0,m2,False
2017473906,listing,/14a-quarantine-bay-road-cooktown-qld-4895-2017473906,430000,is-sold,Sold by private treaty 25 Aug 2022,20220825,14A Quarantine Bay Road,COOKTOWN,QLD,4895,-15.4987268,145.2441,3,3,3,House,House,False,6407.0,m2,False
2017599754,listing,/lot-15-oaky-creek-road-cooktown-qld-4895-2017599754,220000,is-sold,Sold by private treaty 08 Oct 2022,20221008,Lot 15 Oaky Creek Road,COOKTOWN,QLD,4895,-15.5059633,145.1532,NaN,NaN,NaN,VacantLand,Vacant land,True,6.68,ha,False
2017752580,listing,/430-bloodwood-rd-cooktown-qld-4895-2017752580,607050,is-sold,Sold by private treaty 07 Nov 2022,20221107,430 Bloodwood Rd,COOKTOWN,QLD,4895,-15.8937578,145.319427,2,2,2,Rural,Rural,True,0.0,m2,False
2017833287,listing,/121-barretts-creek-road-cooktown-qld-4895-2017833287,1000000,is-sold,Sold by private treaty 02 Nov 2022,20221102,121 Barretts Creek Road,COOKTOWN,QLD,4895,-15.42823,145.17485,4,4,4,House,House,True,40.47,ha,False
2017838237,listing,/lot-7-oaky-creek-road-cooktown-qld-4895-2017838237,235000,is-sold,Sold by private treaty 15 Sep 2022,20220915,Lot 7 Oaky Creek Road,COOKTOWN,QLD,4895,-15.5059633,145.1532,NaN,NaN,NaN,VacantLand,Vacant land,False,0.0,m2,False
2017898002,listing,/30-harry-heath-close-cooktown-qld-4895-2017898002,105000,is-sold,Sold by private treaty 09 Nov 2022,20221109,30 Harry Heath Close,COOKTOWN,QLD,4895,-15.4750156,145.21701,NaN,NaN,NaN,VacantLand,Vacant land,False,4605.0,m2,False
2017898063,listing,/2-parkinson-street-cooktown-qld-4895-2017898063,140000,is-sold,Sold by private treaty 11 Nov 2022,20221111,2 Parkinson Street,COOKTOWN,QLD,4895,-15.4872208,145.254822,NaN,NaN,NaN,VacantLand,Vacant land,True,1.62,ha,False
2017967830,listing,/2552-mulligan-hwy-cooktown-qld-4895-2017967830,245000,is-sold,Sold by private treaty 07 Nov 2022,20221107,2552 Mulligan Hwy,COOKTOWN,QLD,4895,-15.6679726,145.217178,NaN,NaN,NaN,Rural,Rural,True,25.09,ha,False
2018032742,listing,/18-neill-cl-cooktown-qld-4895-2018032742,275000,is-sold,Sold by private treaty 01 Nov 2022,20221101,18 Neill Cl,COOKTOWN,QLD,4895,-15.47441,145.207825,NaN,NaN,2.0,VacantLand,Vacant land,False,6871.0,m2,False
2018072481,listing,/10-racecourse-rd-cooktown-qld-4895-2018072481,455000,is-sold,Sold by private treaty 21 Oct 2022,20221021,10 Racecourse Rd,COOKTOWN,QLD,4895,-15.4845781,145.2429,4,4,4,House,House,False,1209.0,m2,False
2018105327,listing,/22-webber-esplanade-cooktown-qld-4895-2018105327,270000,is-sold,Sold by private treaty 09 Sep 2022,20220909,22 Webber Esplanade,COOKTOWN,QLD,4895,-15.4576769,145.25528,NaN,NaN,NaN,VacantLand,Vacant land,False,1300.0,m2,False
2018152406,listing,/35-slaughter-yard-rd-cooktown-qld-4895-2018152406,420000,is-sold,Sold by private treaty 04 Nov 2022,20221104,35 SLAUGHTER YARD RD,COOKTOWN,QLD,4895,-15.4475822,145.202515,NaN,NaN,NaN,VacantLand,Vacant land,True,23.88,ha,False
2014095002,listing,/38-racecourse-rd-cooktown-qld-4895-2014095002,210000,is-sold,Sold by private treaty 08 Aug 2022,20220808,38 Racecourse Rd,COOKTOWN,QLD,4895,-15.4806776,145.2405,4,4,4,House,House,True,1.42,ha,False
2014404669,listing,/89-hope-st-cooktown-qld-4895-2014404669,240000,is-sold,Sold by private treaty 19 Aug 2022,20220819,89 Hope St,COOKTOWN,QLD,4895,-15.471714,145.250473,3,3,3,House,House,False,0.0,m2,False
2016059868,listing,/14-adelaide-st-cooktown-qld-4895-2016059868,365000,is-sold,Sold by private treaty 20 Jun 2022,20220620,14 Adelaide St,COOKTOWN,QLD,4895,-15.4741564,145.246567,4,4,4,House,House,False,1012.0,m2,False
2016114718,listing,/29-racecourse-rd-cooktown-qld-4895-2016114718,115000,is-sold,Sold by private treaty 11 Jul 2022,20220711,29 Racecourse Rd,COOKTOWN,QLD,4895,-15.4828806,145.24118,NaN,NaN,NaN,VacantLand,Vacant land,False,2013.0,m2,False
2016394302,listing,/lot-8-annan-rd-cooktown-qld-4895-2016394302,320000,is-sold,Sold by private treaty 12 Aug 2022,20220812,LOT 8 Annan Rd,COOKTOWN,QLD,4895,-15.4878492,145.242767,2,2,2,House,House,True,1.4,ha,False
2017236457,listing,/50-adelaide-st-cooktown-qld-4895-2017236457,415000,is-sold,Sold by private treaty 12 Jul 2022,20220712,50 Adelaide St,COOKTOWN,QLD,4895,-15.4678783,145.248352,5,5,5,House,House,False,0.0,m2,False
2017477866,listing,/cooktown-qld-4895-2017477866,90000,is-sold,Sold by private treaty 30 Jun 2022,20220630,NaN,COOKTOWN,QLD,4895,-15.4758167,145.2471,NaN,NaN,NaN,VacantLand,Vacant land,False,2129.0,m2,False
2017483193,listing,/52a-hope-street-cooktown-qld-4895-2017483193,380000,is-sold,Sold by private treaty 12 May 2022,20220512,52A Hope Street,COOKTOWN,QLD,4895,-15.4757357,145.249954,4,4,4,House,House,False,1125.0,m2,False
2017541637,listing,/50-may-street-cooktown-qld-4895-2017541637,285000,is-sold,Sold by private treaty 30 May 2022,20220530,50 May Street,COOKTOWN,QLD,4895,-15.4741707,145.253082,3,3,3,House,House,False,1012.0,m2,False
2017596847,listing,/1995-endeavour-valley-rd-cooktown-qld-4895-2017596847,465000,is-sold,Sold by private treaty 24 May 2022,20220524,1995 Endeavour Valley Rd,COOKTOWN,QLD,4895,-15.4239368,145.095535,4,4,4,House,House,True,2.75,ha,False
2017613121,listing,/2701-endeavour-valley-road-cooktown-qld-4895-2017613121,235000,is-sold,Sold by private treaty 09 Aug 2022,20220809,2701 Endeavour Valley Road,COOKTOWN,QLD,4895,-15.4040384,145.043976,1,1,1,House,House,True,10.02,ha,False
2017645943,listing,/46-helen-st-cooktown-qld-4895-2017645943,410000,is-sold,Sold by private treaty 19 Aug 2022,20220819,46 Helen St,COOKTOWN,QLD,4895,-15.4696608,145.250549,3,3,3,House,House,False,1012.0,m2,False
2017687646,listing,/43-mason-st-cooktown-qld-4895-2017687646,Price Withheld,is-sold,Sold by private treaty 15 Aug 2022,20220815,43 Mason St,COOKTOWN,QLD,4895,-15.4790421,145.243256,5,5,5,ApartmentUnitFlat,Apartment / Unit / Flat,False,1920.0,m2,False
2017706603,listing,/9-kimberley-st-cooktown-qld-4895-2017706603,494000,is-sold,Sold by private treaty 24 Jun 2022,20220624,9 Kimberley St,COOKTOWN,QLD,4895,-15.4742632,145.2536,3,3,3,House,House,False,1012.0,m2,False
2017741735,listing,/19-webber-esplanade-cooktown-qld-4895-2017741735,700000,is-sold,Sold by private treaty 21 Jul 2022,20220721,19 Webber Esplanade,COOKTOWN,QLD,4895,-15.4576359,145.254623,3,3,3,House,House,False,1547.0,m2,False
2017745045,listing,/143-145-starcke-st-cooktown-qld-4895-2017745045,82500,is-sold,Sold by private treaty 28 Jul 2022,20220728,143-145 Starcke St.,COOKTOWN,QLD,4895,-15.4515476,145.175842,NaN,NaN,NaN,VacantLand,Vacant land,False,2024.0,m2,False
2017803930,listing,/2-louise-court-rossville-qld-4895-2017803930,285000,is-sold,Sold by private treaty 30 Jun 2022,20220630,2 Louise Court,ROSSVILLE,QLD,4895,-15.7469091,145.257614,3,3,3,House,House,False,0.0,m2,False
2017898011,listing,/40-walker-street-cooktown-qld-4895-2017898011,600000,is-sold,Sold by private treaty 18 May 2022,20220518,40 Walker Street,COOKTOWN,QLD,4895,-15.4718323,145.255417,4,4,4,SemiDetached,Semi-Detached,False,1012.0,m2,False
2017944973,listing,/2-banks-street-cooktown-qld-4895-2017944973,127000,is-sold,Sold by private treaty 12 Jul 2022,20220712,2 Banks Street,COOKTOWN,QLD,4895,-15.4638968,145.250961,NaN,NaN,NaN,VacantLand,Vacant land,False,1077.0,m2,False
2018150519,listing,/5-second-st-bloomfield-qld-4895-2018150519,125000,is-sold,Sold by private treaty 18 Aug 2022,20220818,5 Second St,BLOOMFIELD,QLD,4895,-15.9234991,145.3522,NaN,NaN,NaN,VacantLand,Vacant land,False,1012.0,m2,False
2012034559,listing,/1-endeavour-valley-road-cooktown-qld-4895-2012034559,160000,is-sold,Sold by private treaty 16 Mar 2022,20220316,1 Endeavour Valley Road,COOKTOWN,QLD,4895,-15.47894,145.234741,NaN,NaN,NaN,VacantLand,Vacant land,True,1.06,ha,False
2012166727,listing,/l3-banabilla-road-bloomfield-qld-4895-2012166727,365000,is-sold,Sold by private treaty 23 Feb 2022,20220223,L3 Banabilla Road,BLOOMFIELD,QLD,4895,-15.9350367,145.350067,NaN,NaN,NaN,VacantLand,Vacant land,False,0.0,m2,False
2014887120,listing,/3-pryde-street-cooktown-qld-4895-2014887120,140000,is-sold,Sold by private treaty 11 May 2022,20220511,3 Pryde Street,COOKTOWN,QLD,4895,-15.4678984,145.252853,NaN,NaN,NaN,VacantLand,Vacant land,False,1012.0,m2,False
2014888342,listing,/lot-33-sir-ken-morris-dr-cooktown-qld-4895-2014888342,Price Withheld,is-sold,Sold by private treaty 21 Feb 2022,20220221,LOT 33 Sir Ken Morris Dr,COOKTOWN,QLD,4895,-15.4094515,145.084671,NaN,NaN,NaN,VacantLand,Vacant land,True,25.38,ha,False
2014906054,listing,/80-hope-st-cooktown-qld-4895-2014906054,260000,is-sold,Sold by private treaty 06 May 2022,20220506,80 Hope St,COOKTOWN,QLD,4895,-15.4718647,145.2511,3,3,3,House,House,False,1012.0,m2,False
2015282199,listing,/24-seagren-street-cooktown-qld-4895-2015282199,288000,is-sold,Sold by private treaty 12 Apr 2022,20220412,24 Seagren Street,COOKTOWN,QLD,4895,-15.482111,145.242767,2,2,2,House,House,False,2023.0,m2,False
2016508232,listing,/130-hope-st-cooktown-qld-4895-2016508232,1045000,is-sold,Sold by private treaty 10 Mar 2022,20220310,130 Hope St,COOKTOWN,QLD,4895,-15.4656172,145.253067,12,12,12,House,House,False,2978.0,m2,False
2016567083,listing,/42-broadway-st-bloomfield-qld-4895-2016567083,220000,is-sold,Sold by private treaty 19 Apr 2022,20220419,42 Broadway St,BLOOMFIELD,QLD,4895,-15.9236794,145.352188,2,2,2,House,House,False,2024.0,m2,False
2016654526,listing,/15-furneaux-st-cooktown-qld-4895-2016654526,200000,is-sold,Sold by private treaty 25 Feb 2022,20220225,15 Furneaux St,COOKTOWN,QLD,4895,-15.469306,145.252609,2,2,2,House,House,False,1682.0,m2,False
2017043247,listing,/lot-15-rootsey-road-cooktown-qld-4895-2017043247,155000,is-sold,Sold by private treaty 09 Mar 2022,20220309,Lot 15 Rootsey Road,COOKTOWN,QLD,4895,-15.3667631,144.985825,NaN,NaN,NaN,VacantLand,Vacant land,True,64.75,ha,False
2017065039,listing,/7-9-flinders-street-cooktown-qld-4895-2017065039,450000,is-sold,Sold by private treaty 23 Feb 2022,20220223,7-9 Flinders Street,COOKTOWN,QLD,4895,-15.4617043,145.250854,NaN,NaN,NaN,VacantLand,Vacant land,False,0.0,m2,False
2017197016,listing,/13-helen-st-cooktown-qld-4895-2017197016,87000,is-sold,Sold by private treaty 07 Mar 2022,20220307,13 Helen St,COOKTOWN,QLD,4895,-15.4746027,145.248337,NaN,NaN,NaN,VacantLand,Vacant land,False,1012.0,m2,False
2017436846,listing,/57a-garden-st-cooktown-qld-4895-2017436846,300000,is-sold,Sold by private treaty 04 Mar 2022,20220304,57A Garden St,COOKTOWN,QLD,4895,-15.4732351,145.255341,2,2,2,House,House,False,661.0,m2,False
2017469896,listing,/20-webber-esp-cooktown-qld-4895-2017469896,299000,is-sold,Sold by private treaty 20 Apr 2022,20220420,20 Webber Esp,COOKTOWN,QLD,4895,-15.4577284,145.2549,NaN,NaN,NaN,VacantLand,Vacant land,False,1348.0,m2,False
2017548467,listing,/2-clay-close-cooktown-qld-4895-2017548467,198000,is-sold,Sold by private treaty 24 Feb 2022,20220224,2 Clay Close,COOKTOWN,QLD,4895,-15.5021458,145.250336,NaN,NaN,NaN,VacantLand,Vacant land,True,2.02,ha,False
2017593273,listing,/2393-rossville-bloomfield-rd-bloomfield-qld-4895-2017593273,230000,is-sold,Sold by private treaty 11 Mar 2022,20220311,2393 Rossville Bloomfield Rd,BLOOMFIELD,QLD,4895,-15.8755074,145.3286,NaN,NaN,NaN,VacantLand,Vacant land,True,10.0,ha,False
2017596846,listing,/21-furneaux-st-cooktown-qld-4895-2017596846,325000,is-sold,Sold by private treaty 07 Mar 2022,20220307,21 Furneaux St,COOKTOWN,QLD,4895,-15.4694138,145.2532,3,3,3,House,House,False,1669.0,m2,False
2017647564,listing,/17-helen-street-cooktown-qld-4895-2017647564,171100,is-sold,Sold by private treaty 21 Apr 2022,20220421,17 Helen Street,COOKTOWN,QLD,4895,-15.4736137,145.248718,3,3,3,House,House,False,0.0,m2,False
2017688960,listing,/16-racecourse-rd-cooktown-qld-4895-2017688960,490000,is-sold,Sold by private treaty 14 Apr 2022,20220414,16 Racecourse Rd,COOKTOWN,QLD,4895,-15.4841146,145.242523,3,3,3,House,House,False,1378.0,m2,False
2017753544,listing,/bloomfield-qld-4895-2017753544,285000,is-sold,Sold by private treaty 05 May 2022,20220505,NaN,BLOOMFIELD,QLD,4895,-15.9210644,145.351639,NaN,NaN,NaN,Rural,Rural,True,4490.0,m2,False
2013041439,listing,/2-hutchinson-street-cooktown-qld-4895-2013041439,150000,is-sold,Sold by private treaty 06 Jan 2022,20220106,2 Hutchinson Street,COOKTOWN,QLD,4895,-15.5024824,145.231018,NaN,NaN,NaN,VacantLand,Vacant land,True,2.43,ha,False
2013291954,listing,/39-endeavour-valley-road-cooktown-qld-4895-2013291954,Price Withheld,is-sold,Sold by private treaty 04 Jan 2022,20220104,39 Endeavour Valley Road,COOKTOWN,QLD,4895,-15.4796906,145.2346,3,3,3,House,House,True,1.21,ha,False
2014049066,listing,/lot-222-railway-ave-cooktown-qld-4895-2014049066,Price Withheld,is-sold,Sold by private treaty 10 Feb 2022,20220210,Lot/222 Railway Ave,COOKTOWN,QLD,4895,-15.4440584,145.1443,NaN,NaN,NaN,Rural,Rural,True,10.0,ha,False
2015325870,listing,/64-may-street-cooktown-qld-4895-2015325870,262000,is-sold,Sold by private treaty 23 Dec 2021,20211223,64 May Street,COOKTOWN,QLD,4895,-15.4715157,145.253754,3,3,3,House,House,False,1012.0,m2,False
2015409148,listing,/55-charlotte-street-cooktown-qld-4895-2015409148,65000,is-sold,Sold by private treaty 07 Jan 2022,20220107,55 Charlotte Street,COOKTOWN,QLD,4895,-15.4743109,145.247162,NaN,NaN,NaN,VacantLand,Vacant land,False,1012.0,m2,False
2015889767,listing,/l2-banabilla-rd-bloomfield-qld-4895-2015889767,575000,is-sold,Sold by private treaty 11 Feb 2022,20220211,L2 Banabilla Rd,BLOOMFIELD,QLD,4895,-15.9350367,145.350067,NaN,NaN,NaN,VacantLand,Vacant land,False,0.0,m2,False
2016420945,listing,/lot-4-endeavour-valley-rd-cooktown-qld-4895-2016420945,85000,is-sold,Sold by private treaty 11 Jan 2022,20220111,LOT 4 Endeavour Valley Rd,COOKTOWN,QLD,4895,-15.422924,145.1324,NaN,NaN,NaN,VacantLand,Vacant land,False,2025.0,m2,False
2016511160,listing,/32-parkinson-st-cooktown-qld-4895-2016511160,330000,is-sold,Sold by private treaty 18 Jan 2022,20220118,32 Parkinson St.,COOKTOWN,QLD,4895,-15.48399,145.255661,3,3,3,House,House,False,3648.0,m2,False
2017081478,listing,/cooktown-qld-4895-2017081478,310000,is-sold,Sold by private treaty 24 Dec 2021,20211224,NaN,COOKTOWN,QLD,4895,-15.4758167,145.2471,4,4,4,House,House,False,4417.0,m2,False
2017124420,listing,/lot-15-idriess-cl-degarra-qld-4895-2017124420,145000,is-sold,Sold by private treaty 28 Jan 2022,20220128,LOT 15 Idriess Cl,DEGARRA,QLD,4895,-15.9422092,145.346375,NaN,NaN,1.0,VacantLand,Vacant land,True,5.16,ha,False
2017145225,listing,/12-howard-st-cooktown-qld-4895-2017145225,110000,is-sold,Sold by private treaty 11 Feb 2022,20220211,12 Howard St,COOKTOWN,QLD,4895,-15.4742508,145.248428,NaN,NaN,NaN,VacantLand,Vacant land,False,1012.0,m2,False
2017151748,listing,/23-third-street-bloomfield-qld-4895-2017151748,105000,is-sold,Sold by private treaty 25 Jan 2022,20220125,23 Third Street,BLOOMFIELD,QLD,4895,-15.9214516,145.350372,NaN,NaN,NaN,Rural,Rural,True,0.0,m2,False
2017420126,listing,/5-adelaide-st-cooktown-qld-4895-2017420126,450000,is-sold,Sold by private treaty 25 Jan 2022,20220125,5 Adelaide St,COOKTOWN,QLD,4895,-15.4747505,145.245819,3,3,3,House,House,False,1012.0,m2,False
2017437002,listing,/27-melaleuca-street-cooktown-qld-4895-2017437002,245000,is-sold,Sold by private treaty 08 Feb 2022,20220208,27 Melaleuca Street,COOKTOWN,QLD,4895,-15.4816341,145.259323,2,2,2,House,House,False,4046.0,m2,False
2017483192,listing,/82-hope-street-cooktown-qld-4895-2017483192,125000,is-sold,Sold by private treaty 22 Dec 2021,20211222,82 Hope Street,COOKTOWN,QLD,4895,-15.471652,145.251,2,2,2,House,House,False,0.0,m2,False
2017545490,listing,/30-schwartz-street-cooktown-qld-4895-2017545490,302000,is-sold,Sold by private treaty 15 Feb 2022,20220215,30 Schwartz Street,COOKTOWN,QLD,4895,-15.4958239,145.238541,6,6,6,House,House,False,5443.0,m2,False
2017578145,listing,/13-buhmann-street-cooktown-qld-4895-2017578145,80000,is-sold,Sold by private treaty 07 Feb 2022,20220207,13 Buhmann Street,COOKTOWN,QLD,4895,-15.486372,145.240433,NaN,NaN,NaN,VacantLand,Vacant land,False,0.0,m2,False
2017578146,listing,/16-rainforest-street-cooktown-qld-4895-2017578146,80000,is-sold,Sold by private treaty 07 Feb 2022,20220207,16 Rainforest Street,COOKTOWN,QLD,4895,-15.4866095,145.239792,NaN,NaN,NaN,VacantLand,Vacant land,False,0.0,m2,False
2017578147,listing,/12-rainforest-street-cooktown-qld-4895-2017578147,85000,is-sold,Sold by private treaty 07 Feb 2022,20220207,12 Rainforest Street,COOKTOWN,QLD,4895,-15.48691,145.239792,NaN,NaN,NaN,VacantLand,Vacant land,False,6427.0,m2,False
2018130561,listing,/2928-bloomfield-road-bloomfield-qld-4895-2018130561,260000,is-sold,Sold by private treaty 24 Dec 2021,20211224,2928 Bloomfield Road,BLOOMFIELD,QLD,4895,-15.8948174,145.340836,NaN,NaN,NaN,SpecialistFarm,Specialist Farm,True,9.06,ha,False
2014891745,listing,/16-charles-street-cooktown-qld-4895-2014891745,405000,is-sold,Sold by private treaty 04 Nov 2021,20211104,16 Charles Street,COOKTOWN,QLD,4895,-15.4833059,145.256,3,3,3,House,House,False,8270.0,m2,False
2014891769,listing,/8-starcke-st-cooktown-qld-4895-2014891769,340000,is-sold,Sold by private treaty 01 Nov 2021,20211101,8 Starcke St,COOKTOWN,QLD,4895,-15.4758167,145.2471,3,3,3,House,House,False,1812.0,m2,False
2014902201,listing,/40-garden-st-cooktown-qld-4895-2014902201,245000,is-sold,Sold by private treaty 01 Nov 2021,20211101,40 Garden St,COOKTOWN,QLD,4895,-15.4760275,145.255157,1,1,1,House,House,False,5286.0,m2,False
2016299129,listing,/65-charlotte-st-cooktown-qld-4895-2016299129,75000,is-sold,Sold by private treaty 16 Dec 2021,20211216,65 Charlotte St,COOKTOWN,QLD,4895,-15.4728107,145.247574,NaN,NaN,NaN,VacantLand,Vacant land,False,1012.0,m2,False
2016415712,listing,/lot-3-cameron-creek-road-cooktown-qld-4895-2016415712,180000,is-sold,Sold by private treaty 03 Dec 2021,20211203,Lot 3 Cameron Creek Road,COOKTOWN,QLD,4895,-15.4011087,145.147278,NaN,NaN,NaN,VacantLand,Vacant land,True,15.38,ha,False
2016451457,listing,/84-starcke-street-cooktown-qld-4895-2016451457,380000,is-sold,Sold by private treaty 01 Dec 2021,20211201,84 Starcke Street,COOKTOWN,QLD,4895,-15.454917,145.184,3,3,3,House,House,True,1.58,ha,False
2016697004,listing,/2037-endeavour-valley-rd-cooktown-qld-4895-2016697004,379000,is-sold,Sold by private treaty 09 Dec 2021,20211209,2037 Endeavour Valley Rd,COOKTOWN,QLD,4895,-15.4227123,145.09201,4,4,4,House,House,True,3.94,ha,False
2016813871,listing,/8-howard-street-cooktown-qld-4895-2016813871,300000,is-sold,Sold by private treaty 19 Dec 2021,20211219,8 Howard Street,COOKTOWN,QLD,4895,-15.4739723,145.2472,3,3,3,House,House,False,1012.0,m2,False
2016874652,listing,/350-bloodwood-rd-bloomfield-qld-4895-2016874652,420000,is-sold,Sold by private treaty 20 Dec 2021,20211220,350 Bloodwood Rd,BLOOMFIELD,QLD,4895,-15.8937693,145.319458,2,2,2,House,House,True,10.38,ha,False
2016919120,listing,/2554-mulligan-highway-road-cooktown-qld-4895-2016919120,Price Withheld,is-sold,Sold by private treaty 19 Dec 2021,20211219,2554 Mulligan Highway Road,COOKTOWN,QLD,4895,-15.66797,145.217178,NaN,NaN,NaN,VacantLand,Vacant land,False,0.0,m2,False
2017144586,listing,/40-charlotte-st-cooktown-qld-4895-2017144586,475000,is-sold,Sold by private treaty 02 Nov 2021,20211102,40 Charlotte St,COOKTOWN,QLD,4895,-15.4780893,145.24498,3,3,3,House,House,True,1.21,ha,False
2017151569,listing,/19-furneaux-street-cooktown-qld-4895-2017151569,185000,is-sold,Sold by private treaty 04 Nov 2021,20211104,19 Furneaux Street,COOKTOWN,QLD,4895,-15.4689255,145.253128,1,1,1,House,House,False,1600.0,m2,False
2017156922,listing,/27-may-st-cooktown-qld-4895-2017156922,445000,is-sold,Sold by private treaty 10 Dec 2021,20211210,27 May St,COOKTOWN,QLD,4895,-15.4759941,145.251846,4,4,4,House,House,False,1012.0,m2,False
2017183181,listing,/28-idress-dr-cooktown-qld-4895-2017183181,749999,is-sold,Sold by private treaty 13 Dec 2021,20211213,28 Idress Dr,COOKTOWN,QLD,4895,-15.6115942,145.28096,5,5,5,House,House,True,16.27,ha,False
2017230546,listing,/7-banabilla-road-degarra-qld-4895-2017230546,215000,is-sold,Sold by private treaty 21 Dec 2021,20211221,7 Banabilla Road,DEGARRA,QLD,4895,-15.934557,145.349808,NaN,NaN,NaN,VacantLand,Vacant land,True,49.85,ha,False
2017245606,listing,/120-hope-street-cooktown-qld-4895-2017245606,275000,is-sold,Sold by private treaty 04 Dec 2021,20211204,120 Hope Street,COOKTOWN,QLD,4895,-15.4675484,145.25235,2,2,2,House,House,False,1012.0,m2,False
2017258673,listing,/94-boundary-st-cooktown-qld-4895-2017258673,400000,is-sold,Sold by private treaty 15 Nov 2021,20211115,94 Boundary St,COOKTOWN,QLD,4895,-15.4804258,145.262939,2,2,2,House,House,False,4000.0,m2,False
2017406848,listing,/3-flinders-st-cooktown-qld-4895-2017406848,299000,is-sold,Sold by private treaty 17 Dec 2021,20211217,3 Flinders St,COOKTOWN,QLD,4895,-15.4622478,145.250977,4,4,4,House,House,False,1466.0,m2,False
2017463828,listing,/10-newman-st-cooktown-qld-4895-2017463828,230000,is-sold,Sold by private treaty 17 Dec 2021,20211217,10 Newman St,COOKTOWN,QLD,4895,-15.4832916,145.244354,2,2,2,House,House,False,2023.0,m2,False
2017464123,listing,/21-webber-esp-cooktown-qld-4895-2017464123,270000,is-sold,Sold by private treaty 09 Dec 2021,20211209,21 Webber Esp,COOKTOWN,QLD,4895,-15.4577036,145.2551,NaN,NaN,NaN,VacantLand,Vacant land,False,1346.0,m2,False
2012092418,listing,/lot-1-endeavour-valley-road-cooktown-qld-4895-2012092418,Price Withheld,is-sold,Sold by private treaty 07 Oct 2021,20211007,Lot 1 Endeavour Valley Road,COOKTOWN,QLD,4895,-15.422924,145.1324,NaN,NaN,NaN,Rural,Rural,True,101.0,ha,False
2012292252,listing,/7-chace-close-cooktown-qld-4895-2012292252,450000,is-sold,Sold by private treaty 09 Oct 2021,20211009,7 Chace Close,COOKTOWN,QLD,4895,-15.4861422,145.24614,3,3,3,House,House,False,0.0,m2,False
2012805160,listing,/lot-88-rossville-bloomfield-road-bloomfield-qld-4895-2012805160,185000,is-sold,Sold by private treaty 06 Oct 2021,20211006,Lot 88 Rossville Bloomfield Road,BLOOMFIELD,QLD,4895,-15.88882,145.334427,NaN,NaN,NaN,Rural,Rural,True,28.84,ha,False
2013540793,listing,/20-rainforest-street-cooktown-qld-4895-2013540793,295000,is-sold,Sold by private treaty 23 Sep 2021,20210923,20 Rainforest Street,COOKTOWN,QLD,4895,-15.4868317,145.23941,3,3,3,House,House,False,2833.0,m2,False
2014665105,listing,/165-barretts-creek-rd-cooktown-qld-4895-2014665105,475000,is-sold,Sold by private treaty 29 Oct 2021,20211029,165 Barretts Creek Rd,COOKTOWN,QLD,4895,-15.4266062,145.176926,2,2,2,House,House,False,0.0,m2,False
2015395118,listing,/2-schwartz-st-cooktown-qld-4895-2015395118,360000,is-sold,Sold by private treaty 29 Oct 2021,20211029,2 Schwartz St,COOKTOWN,QLD,4895,-15.4974031,145.242035,2,2,2,House,House,True,2.02,ha,False
2015727654,listing,/26-helen-street-cooktown-qld-4895-2015727654,400000,is-sold,Sold by private treaty 14 Sep 2021,20210914,26 Helen Street,COOKTOWN,QLD,4895,-15.4729166,145.249466,4,4,4,House,House,False,1012.0,m2,False
2016175254,listing,/47-hope-street-cooktown-qld-4895-2016175254,345000,is-sold,Sold by private treaty 17 Sep 2021,20210917,47 Hope Street,COOKTOWN,QLD,4895,-15.4772854,145.248978,3,3,3,House,House,False,1012.0,m2,False
2016312666,listing,/16-newman-st-cooktown-qld-4895-2016312666,325000,is-sold,Sold by private treaty 21 Oct 2021,20211021,16 Newman St,COOKTOWN,QLD,4895,-15.4824286,145.24411,3,3,3,House,House,False,1012.0,m2,False
2016396039,listing,/4-pryde-st-cooktown-qld-4895-2016396039,240000,is-sold,Sold by private treaty 10 Sep 2021,20210910,4 Pryde St,COOKTOWN,QLD,4895,-15.46826,145.252335,3,3,3,House,House,False,1012.0,m2,False
2016494550,listing,/13-15-newman-street-cooktown-qld-4895-2016494550,165000,is-sold,Sold by private treaty 19 Oct 2021,20211019,13-15 Newman Street,COOKTOWN,QLD,4895,-15.4829845,145.2436,2,2,2,House,House,False,2023.0,m2,False
2016540704,listing,/31a-slaughter-yard-road-cooktown-qld-4895-2016540704,120000,is-sold,Sold by private treaty 09 Sep 2021,20210909,31A Slaughter Yard Road,COOKTOWN,QLD,4895,-15.4536638,145.195923,NaN,NaN,NaN,VacantLand,Vacant land,False,4132.0,m2,False
2016700910,listing,/37-howard-street-cooktown-qld-4895-2016700910,78000,is-sold,Sold by private treaty 20 Sep 2021,20210920,37 Howard Street,COOKTOWN,QLD,4895,-15.4753428,145.256744,NaN,NaN,NaN,VacantLand,Vacant land,False,1020.0,m2,False
2016760609,listing,/33-may-st-cooktown-qld-4895-2016760609,275000,is-sold,Sold by private treaty 20 Oct 2021,20211020,33 May St,COOKTOWN,QLD,4895,-15.4754419,145.251846,2,2,2,House,House,False,1012.0,m2,False
2016839758,listing,/31-slaughter-yard-road-cooktown-qld-4895-2016839758,260000,is-sold,Sold by private treaty 11 Oct 2021,20211011,31 Slaughter Yard Road,COOKTOWN,QLD,4895,-15.4536638,145.195923,1,1,1,House,House,False,4132.0,m2,False
2016944771,listing,/lot-7-mungumby-rd-rossville-qld-4895-2016944771,195000,is-sold,Sold by private treaty 21 Oct 2021,20211021,Lot 7 Mungumby Rd,ROSSVILLE,QLD,4895,-15.6955891,145.244064,NaN,NaN,NaN,VacantLand,Vacant land,True,68.88,ha,False
2017250176,listing,/27-third-street-bloomfield-qld-4895-2017250176,350000,is-sold,Sold by private treaty 05 Oct 2021,20211005,27 Third Street,BLOOMFIELD,QLD,4895,-15.9214,145.350021,4,4,4,House,House,False,3592.0,m2,False
2017317952,listing,/3037-mulligan-highway-rossville-qld-4895-2017317952,1000000,is-sold,Sold by private treaty 16 Oct 2021,20211016,3037 Mulligan Highway,ROSSVILLE,QLD,4895,-15.7030725,145.194092,NaN,NaN,NaN,SpecialistFarm,Specialist Farm,True,2200.0,ha,False
2017349264,listing,/55-power-st-cooktown-qld-4895-2017349264,220000,is-sold,Sold by private treaty 21 Oct 2021,20211021,55 Power St,COOKTOWN,QLD,4895,-15.4791079,145.254318,NaN,NaN,NaN,VacantLand,Vacant land,False,5286.0,m2,False
2017364844,listing,/7-slaughter-yard-road-cooktown-qld-4895-2017364844,125000,is-sold,Sold by private treaty 08 Oct 2021,20211008,7 Slaughter Yard Road,COOKTOWN,QLD,4895,-15.4584341,145.191513,NaN,NaN,NaN,Rural,Rural,True,3579.0,m2,False
2014038870,listing,/32b-charlotte-st-cooktown-qld-4895-2014038870,87500,is-sold,Sold by private treaty 18 Aug 2021,20210818,32B Charlotte St,COOKTOWN,QLD,4895,-15.4776134,145.243149,NaN,NaN,1.0,VacantLand,Vacant land,False,993.0,m2,False
2014173024,listing,/18-walker-st-cooktown-qld-4895-2014173024,345000,is-sold,Sold by private treaty 18 Aug 2021,20210818,18 Walker St,COOKTOWN,QLD,4895,-15.4707575,145.25174,3,3,3,House,House,False,0.0,m2,False
2014935880,listing,/47-walker-st-cooktown-qld-4895-2014935880,262000,is-sold,Sold by private treaty 23 Aug 2021,20210823,47 Walker St,COOKTOWN,QLD,4895,-15.4711208,145.255646,3,3,3,House,House,False,1011.0,m2,False
2015288028,listing,/2-harry-heaths-cl-cooktown-qld-4895-2015288028,370000,is-sold,Sold by private treaty 26 Aug 2021,20210826,2 Harry Heaths Cl,COOKTOWN,QLD,4895,-15.4734421,145.215408,4,4,4,House,House,False,2919.0,m2,False
2016153240,listing,/8-helen-st-cooktown-qld-4895-2016153240,260000,is-sold,Sold by private treaty 09 Aug 2021,20210809,8 Helen St,COOKTOWN,QLD,4895,-15.4752884,145.24884,3,3,3,House,House,False,1012.0,m2,False
2016702003,listing,/39-howard-street-cooktown-qld-4895-2016702003,Price Withheld,is-sold,Sold by private treaty 11 Aug 2021,20210811,39 Howard Street,COOKTOWN,QLD,4895,-15.4753428,145.256744,NaN,NaN,NaN,VacantLand,Vacant land,False,1020.0,m2,False
2016916907,listing,/56-helen-street-cooktown-qld-4895-2016916907,387500,is-sold,Sold by private treaty 05 Aug 2021,20210805,56 Helen Street,COOKTOWN,QLD,4895,-15.4674511,145.25119,3,3,3,House,House,False,1214.0,m2,False
2017071800,listing,/22-howard-st-cooktown-qld-4895-2017071800,155000,is-sold,Sold by private treaty 20 Aug 2021,20210820,22 Howard St,COOKTOWN,QLD,4895,-15.4749861,145.2515,2,2,2,House,House,False,1012.0,m2,False
2017237806,listing,/50-racecourse-road-cooktown-qld-4895-2017237806,330000,is-sold,Sold by private treaty 07 Sep 2021,20210907,50 Racecourse Road,COOKTOWN,QLD,4895,-15.4796429,145.2391,5,5,5,House,House,False,1145.0,m2,False
2017237844,listing,/591-road-bloomfield-cooktown-qld-4895-2017237844,285000,is-sold,Sold by private treaty 07 Sep 2021,20210907,591 Road Bloomfield,COOKTOWN,QLD,4895,-15.741621,145.243149,3,3,3,House,House,False,0.0,m2,False
2017237923,listing,/17-baird-road-cooktown-qld-4895-2017237923,165000,is-sold,Sold by private treaty 07 Sep 2021,20210907,17 Baird Road,COOKTOWN,QLD,4895,-15.4616489,145.252029,NaN,NaN,NaN,VacantLand,Vacant land,False,0.0,m2,False
2017238007,listing,/32-john-street-cooktown-qld-4895-2017238007,160000,is-sold,Sold by private treaty 07 Sep 2021,20210907,32 John Street,COOKTOWN,QLD,4895,-15.4730816,145.2519,4,4,4,House,House,False,0.0,m2,False
2017238256,listing,/cooktown-qld-4895-2017238256,130000,is-sold,Sold by private treaty 07 Sep 2021,20210907,NaN,COOKTOWN,QLD,4895,-15.4758167,145.2471,NaN,NaN,NaN,VacantLand,Vacant land,False,0.0,m2,False
2017238285,listing,/cooktown-qld-4895-2017238285,430000,is-sold,Sold by private treaty 07 Sep 2021,20210907,NaN,COOKTOWN,QLD,4895,-15.4758167,145.2471,4,4,4,House,House,False,0.0,m2,False
2017238335,listing,/38-savage-street-cooktown-qld-4895-2017238335,350000,is-sold,Sold by private treaty 07 Sep 2021,20210907,38 Savage Street,COOKTOWN,QLD,4895,-15.48155,145.243164,5,5,5,House,House,False,0.0,m2,False
2017241933,listing,/7-endeavour-valley-road-cooktown-qld-4895-2017241933,110000,is-sold,Sold by private treaty 02 Sep 2021,20210902,7 Endeavour Valley Road,COOKTOWN,QLD,4895,-15.47894,145.234741,NaN,NaN,NaN,VacantLand,Vacant land,True,3.23,ha,False
2017242653,listing,/12-hogg-street-cooktown-qld-4895-2017242653,240000,is-sold,Sold by private treaty 08 Sep 2021,20210908,12 Hogg Street,COOKTOWN,QLD,4895,-15.4724808,145.25,3,3,3,House,House,False,0.0,m2,False
2017242684,listing,/83-hope-street-cooktown-qld-4895-2017242684,125000,is-sold,Sold by private treaty 08 Sep 2021,20210908,83 Hope Street,COOKTOWN,QLD,4895,-15.4728737,145.250061,NaN,NaN,NaN,VacantLand,Vacant land,False,0.0,m2,False
2017242907,listing,/919-hope-street-street-cooktown-qld-4895-2017242907,125000,is-sold,Sold by private treaty 08 Sep 2021,20210908,919 Hope Street Street,COOKTOWN,QLD,4895,-15.4753647,145.249756,NaN,NaN,NaN,VacantLand,Vacant land,False,0.0,m2,False
2017258015,listing,/1-endeavour-valley-road-cooktown-qld-4895-2017258015,330000,is-sold,Sold by private treaty 20 Aug 2021,20210820,1 Endeavour Valley Road,COOKTOWN,QLD,4895,-15.47894,145.234741,NaN,NaN,NaN,VacantLand,Vacant land,False,0.0,m2,False
2014038898,listing,/17-the-esplanade-cooktown-qld-4895-2014038898,50000,is-sold,Sold by private treaty 24 Jun 2021,20210624,17 The Esplanade,COOKTOWN,QLD,4895,-15.4924831,145.274658,NaN,NaN,NaN,VacantLand,Vacant land,False,607.0,m2,False
2014764999,listing,/lot-1-4-endeavour-valley-road-cooktown-qld-4895-2014764999,120000,is-sold,Sold by private treaty 17 Jun 2021,20210617,Lot 1/ 4 Endeavour Valley Road,COOKTOWN,QLD,4895,-15.47894,145.234741,NaN,NaN,NaN,VacantLand,Vacant land,True,1.06,ha,False
2015328275,listing,/6-flaggy-road-cooktown-qld-4895-2015328275,280000,is-sold,Sold by private treaty 17 Jul 2021,20210717,6 Flaggy Road,COOKTOWN,QLD,4895,-15.4496727,145.096329,NaN,NaN,NaN,VacantLand,Vacant land,True,131.93,ha,False
2015328276,listing,/lot-11-isabella-mcivor-road-hope-vale-qld-4895-2015328276,175000,is-sold,Sold by private treaty 27 May 2021,20210527,Lot 11 Isabella Mcivor Road,HOPE VALE,QLD,4895,-15.1976471,145.010818,NaN,NaN,NaN,VacantLand,Vacant land,True,67.18,ha,False
2015998387,listing,/1-chace-cl-cooktown-qld-4895-2015998387,440000,is-sold,Sold by private treaty 23 Jun 2021,20210623,1 Chace Cl,COOKTOWN,QLD,4895,-15.4853334,145.245361,4,4,4,House,House,False,0.0,m2,False
2016345393,listing,/2-seagren-st-cooktown-qld-4895-2016345393,75000,is-sold,Sold by private treaty 11 Jun 2021,20210611,2 Seagren St,COOKTOWN,QLD,4895,-15.4843283,145.243576,NaN,NaN,NaN,VacantLand,Vacant land,False,1012.0,m2,False
2016419925,listing,/19-john-st-cooktown-qld-4895-2016419925,165000,is-sold,Sold by private treaty 21 May 2021,20210521,19 John St,COOKTOWN,QLD,4895,-15.4735212,145.25116,NaN,NaN,NaN,VacantLand,Vacant land,False,1012.0,m2,False
2016421269,listing,/21-john-st-cooktown-qld-4895-2016421269,165000,is-sold,Sold by private treaty 21 May 2021,20210521,21 John St,COOKTOWN,QLD,4895,-15.4732981,145.251282,8,8,8,House,House,False,1012.0,m2,False
2016421360,listing,/23-john-st-cooktown-qld-4895-2016421360,165000,is-sold,Sold by private treaty 21 May 2021,20210521,23 John St,COOKTOWN,QLD,4895,-15.47316,145.251251,NaN,NaN,NaN,VacantLand,Vacant land,False,1012.0,m2,False
2016453038,listing,/28-30-east-street-bloomfield-qld-4895-2016453038,Price Withheld,is-sold,Sold by private treaty 03 Jun 2021,20210603,28 - 30 East Street,BLOOMFIELD,QLD,4895,-15.9221611,145.353912,2,2,2,House,House,False,2000.0,m2,False
2016865177,listing,/26-flinders-st-cooktown-qld-4895-2016865177,475000,is-sold,Sold by private treaty 16 Jun 2021,20210616,26 Flinders St,COOKTOWN,QLD,4895,-15.46067,145.25119,4,4,4,House,House,False,1050.0,m2,False
2016939582,listing,/36-racecourse-rd-cooktown-qld-4895-2016939582,310000,is-sold,Sold by private treaty 11 Jul 2021,20210711,36 Racecourse Rd,COOKTOWN,QLD,4895,-15.4821005,145.241608,2,2,2,House,House,False,1055.0,m2,False
2017021297,listing,/24-howard-street-cooktown-qld-4895-2017021297,210000,is-sold,Sold by private treaty 02 Jun 2021,20210602,24 Howard Street,COOKTOWN,QLD,4895,-15.4751024,145.251923,2,2,2,House,House,False,1012.0,m2,False
2017092516,listing,/19-boundary-street-cooktown-qld-4895-2017092516,278000,is-sold,Sold by private treaty 25 Jun 2021,20210625,19 Boundary Street,COOKTOWN,QLD,4895,-15.4765806,145.251144,2,2,2,House,House,False,0.0,m2,False
2017094338,listing,/63-may-st-cooktown-qld-4895-2017094338,390000,is-sold,Sold by private treaty 31 May 2021,20210531,63 May St,COOKTOWN,QLD,4895,-15.4707079,145.253464,2,2,2,House,House,False,1117.0,m2,False
2017135384,listing,/cooktown-qld-4895-2017135384,20600,is-sold,Sold by private treaty 11 Jun 2021,20210611,NaN,COOKTOWN,QLD,4895,-15.4758167,145.2471,NaN,NaN,NaN,VacantLand,Vacant land,False,1012.0,m2,False
2017135521,listing,/5-pryde-st-cooktown-qld-4895-2017135521,49000,is-sold,Sold by private treaty 13 Jul 2021,20210713,5 Pryde St,COOKTOWN,QLD,4895,-15.4680777,145.2536,NaN,NaN,NaN,VacantLand,Vacant land,False,1012.0,m2,False
2017145750,listing,/14c-quarantine-bay-road-cooktown-qld-4895-2017145750,145000,is-sold,Sold by private treaty 30 Jul 2021,20210730,14C Quarantine Bay Road,COOKTOWN,QLD,4895,-15.4996233,145.243652,NaN,NaN,NaN,VacantLand,Vacant land,False,0.0,m2,False
2017151834,listing,/2552-mulligan-highway-rossville-qld-4895-2017151834,140000,is-sold,Sold by private treaty 27 Jul 2021,20210727,2552 Mulligan Highway,ROSSVILLE,QLD,4895,-15.66797,145.217178,NaN,NaN,NaN,VacantLand,Vacant land,False,0.0,m2,False
2017293421,listing,/50-charlotte-street-cooktown-qld-4895-2017293421,200000,is-sold,Sold by private treaty 31 May 2021,20210531,50 Charlotte Street,COOKTOWN,QLD,4895,-15.475194,145.2477,NaN,NaN,NaN,VacantLand,Vacant land,False,2024.0,m2,False
2014628636,listing,/109-endeavour-valley-road-cooktown-qld-4895-2014628636,530000,is-sold,Sold by private treaty 14 Apr 2021,20210414,109 Endeavour Valley Road,COOKTOWN,QLD,4895,-15.4778662,145.228271,4,4,4,House,House,True,1.94,ha,False
2014891718,listing,/lot-22-clay-close-cooktown-qld-4895-2014891718,180000,is-sold,Sold by private treaty 25 Feb 2021,20210225,Lot 22 Clay Close,COOKTOWN,QLD,4895,-15.5035276,145.250534,NaN,NaN,NaN,VacantLand,Vacant land,True,2.02,ha,False
2015060128,listing,/152-shiptons-flat-road-rossville-qld-4895-2015060128,Price Withheld,is-sold,Sold by private treaty 24 Feb 2021,20210224,152 Shiptons Flat Road,ROSSVILLE,QLD,4895,-15.6833563,145.215759,5,5,5,AcreageSemiRural,Acreage / Semi-Rural,True,85.0,ha,False
2015124333,listing,/353-railway-ave-cooktown-qld-4895-2015124333,Price Withheld,is-sold,Sold by private treaty 19 Apr 2021,20210419,353 Railway Ave,COOKTOWN,QLD,4895,-15.4366589,145.093521,2,2,2,House,House,True,16.35,ha,False
2015509305,listing,/4-ann-street-cooktown-qld-4895-2015509305,315000,is-sold,Sold by private treaty 06 Apr 2021,20210406,4 Ann Street,COOKTOWN,QLD,4895,-15.4676695,145.253525,3,3,3,House,House,False,1012.0,m2,False
2015548936,listing,/168-charlotte-st-cooktown-qld-4895-2015548936,Price Withheld,is-sold,Sold by private treaty 16 Apr 2021,20210416,168 Charlotte St,COOKTOWN,QLD,4895,-15.4631567,145.250549,6,6,6,ApartmentUnitFlat,Apartment / Unit / Flat,False,0.0,m2,False
2015612280,listing,/cooktown-qld-4895-2015612280,Price Withheld,is-sold,Sold by private treaty 19 Apr 2021,20210419,NaN,COOKTOWN,QLD,4895,-15.473959,145.252991,2,2,2,House,House,False,3600.0,m2,False
2015769743,listing,/3-gum-tree-close-cooktown-qld-4895-2015769743,105000,is-sold,Sold by private treaty 11 May 2021,20210511,3 Gum Tree Close,COOKTOWN,QLD,4895,-15.4777594,145.207962,NaN,NaN,NaN,VacantLand,Vacant land,False,4058.0,m2,False
2016115095,listing,/11-kerr-st-cooktown-qld-4895-2016115095,170000,is-sold,Sold by private treaty 24 Feb 2021,20210224,11 Kerr St,COOKTOWN,QLD,4895,-15.4721031,145.25473,2,2,2,House,House,False,0.0,m2,False
2016405121,listing,/2-pryde-st-cooktown-qld-4895-2016405121,350000,is-sold,Sold by private treaty 25 Mar 2021,20210325,2 Pryde St,COOKTOWN,QLD,4895,-15.4684582,145.252121,3,3,3,House,House,False,1012.0,m2,False
2016415594,listing,/58b-helen-st-cooktown-qld-4895-2016415594,330000,is-sold,Sold by private treaty 25 Mar 2021,20210325,58B Helen St,COOKTOWN,QLD,4895,-15.4671688,145.251053,2,2,2,House,House,False,675.0,m2,False
2016505861,listing,/1698-endeavour-valley-road-cooktown-qld-4895-2016505861,450000,is-sold,Sold by private treaty 11 May 2021,20210511,1698 Endeavour Valley Road,COOKTOWN,QLD,4895,-15.4185791,145.120544,3,3,3,House,House,True,16.71,ha,False
2016692520,listing,/lot-7-endeavour-valley-road-cooktown-qld-4895-2016692520,210000,is-sold,Sold by private treaty 09 Mar 2021,20210309,Lot 7 Endeavour Valley Road,COOKTOWN,QLD,4895,-15.422924,145.1324,1,1,1,House,House,True,15.3,ha,False
2016784670,listing,/2007-endeavour-valley-rd-cooktown-qld-4895-2016784670,Price Withheld,is-sold,Sold by private treaty 26 Mar 2021,20210326,2007 Endeavour Valley Rd,COOKTOWN,QLD,4895,-15.4235325,145.094711,4,4,4,House,House,True,3.04,ha,False
2016852819,listing,/50-hope-street-cooktown-qld-4895-2016852819,325000,is-sold,Sold by private treaty 08 Mar 2021,20210308,50 Hope Street,COOKTOWN,QLD,4895,-15.4761457,145.250046,2,2,2,House,House,False,1012.0,m2,False
2016876790,listing,/47-helen-st-cooktown-qld-4895-2016876790,Price Withheld,is-sold,Sold by private treaty 31 Mar 2021,20210331,47 Helen St,COOKTOWN,QLD,4895,-15.46931,145.249786,5,5,5,ApartmentUnitFlat,Apartment / Unit / Flat,False,1367.0,m2,False
2016877163,listing,/8-boundary-st-cooktown-qld-4895-2016877163,Price Withheld,is-sold,Sold by private treaty 27 Apr 2021,20210427,8 Boundary St,COOKTOWN,QLD,4895,-15.47635,145.248047,4,4,4,SemiDetached,Semi-Detached,False,1012.0,m2,False
2017010268,listing,/20-seagren-st-cooktown-qld-4895-2017010268,250000,is-sold,Sold by private treaty 11 May 2021,20210511,20 Seagren St,COOKTOWN,QLD,4895,-15.4826469,145.2428,3,3,3,House,House,False,2023.0,m2,False
2017042755,listing,/35-helen-st-cooktown-qld-4895-2017042755,195000,is-sold,Sold by private treaty 18 May 2021,20210518,35 Helen St,COOKTOWN,QLD,4895,-15.4709806,145.249329,NaN,NaN,NaN,VacantLand,Vacant land,False,2024.0,m2,False
2017074555,listing,/lot-1-oakey-creek-road-cooktown-qld-4895-2017074555,175000,is-sold,Sold by private treaty 24 Mar 2021,20210324,Lot 1 Oakey Creek Road,COOKTOWN,QLD,4895,-15.5059633,145.1532,NaN,NaN,NaN,VacantLand,Vacant land,True,17.0,ha,False
2006492966,listing,/l1-endeavour-valley-rd-cooktown-qld-4895-2006492966,Price Withheld,is-sold,Sold by private treaty 16 Feb 2021,20210216,L1 Endeavour Valley Rd,COOKTOWN,QLD,4895,-15.422924,145.1324,3,3,3,House,House,False,0.0,m2,False
2014038850,listing,/24-john-st-cooktown-qld-4895-2014038850,Price Withheld,is-sold,Sold by private treaty 07 Jan 2021,20210107,24 John St,COOKTOWN,QLD,4895,-15.4738865,145.251831,NaN,NaN,NaN,VacantLand,Vacant land,False,1012.0,m2,False
2014186110,listing,/44-helen-st-cooktown-qld-4895-2014186110,70000,is-sold,Sold by private treaty 03 Feb 2021,20210203,44 Helen St,COOKTOWN,QLD,4895,-15.46976,145.250427,NaN,NaN,NaN,VacantLand,Vacant land,False,1012.0,m2,False
2014719195,listing,/8-rainforest-street-cooktown-qld-4895-2014719195,197000,is-sold,Sold by private treaty 10 Dec 2020,20201210,8 Rainforest Street,COOKTOWN,QLD,4895,-15.4870815,145.240143,2,2,2,ApartmentUnitFlat,Apartment / Unit / Flat,False,2394.0,m2,False
2014777396,listing,/45-walker-st-cooktown-qld-4895-2014777396,275500,is-sold,Sold by private treaty 13 Feb 2021,20210213,45 Walker St,COOKTOWN,QLD,4895,-15.4711218,145.255417,3,3,3,House,House,False,1012.0,m2,False
2015564671,listing,/117-starcke-street-cooktown-qld-4895-2015564671,165000,is-sold,Sold by private treaty 19 Feb 2021,20210219,117 Starcke Street,COOKTOWN,QLD,4895,-15.4564724,145.184372,1,1,1,House,House,False,1012.0,m2,False
2016071028,listing,/2333-2407-isabella-mcivor-road-hope-vale-qld-4895-2016071028,310000,is-sold,Sold by private treaty 14 Dec 2020,20201214,2333-2407 Isabella McIvor Road,HOPE VALE,QLD,4895,-15.1976471,145.010818,1,1,1,Rural,Rural,True,46.86,ha,False
2016306260,listing,/506-rossville-bloomfield-road-rossville-qld-4895-2016306260,99000,is-sold,Sold by private treaty 24 Dec 2020,20201224,506 Rossville Bloomfield Road,ROSSVILLE,QLD,4895,-15.8875637,145.335648,3,3,3,House,House,False,5600.0,m2,False
2016414365,listing,/23-ida-st-cooktown-qld-4895-2016414365,187000,is-sold,Sold by private treaty 16 Dec 2020,20201216,23 Ida St,COOKTOWN,QLD,4895,-15.4794044,145.254562,1,1,1,House,House,False,905.0,m2,False
2016418204,listing,/36-slaughter-yard-rd-cooktown-qld-4895-2016418204,450000,is-sold,Sold by private treaty 17 Dec 2020,20201217,36 Slaughter Yard Rd,COOKTOWN,QLD,4895,-15.45549,145.1959,2,2,2,House,House,True,1.13,ha,False
2016448923,listing,/411-shiptons-flat-rd-rossville-qld-4895-2016448923,195000,is-sold,Sold by private treaty 11 Feb 2021,20210211,411 Shiptons Flat Rd,ROSSVILLE,QLD,4895,-15.7074347,145.226685,NaN,NaN,NaN,VacantLand,Vacant land,True,11.46,ha,False
2016465104,listing,/400-railway-ave-cooktown-qld-4895-2016465104,400000,is-sold,Sold by private treaty 07 Dec 2020,20201207,400 Railway Ave,COOKTOWN,QLD,4895,-15.44857,145.161835,3,3,3,AcreageSemiRural,Acreage / Semi-Rural,True,8.0,ha,False
2016504144,listing,/9-ann-st-cooktown-qld-4895-2016504144,Price Withheld,is-sold,Sold by private treaty 19 Jan 2021,20210119,9 Ann St,COOKTOWN,QLD,4895,-15.4669456,145.253,3,3,3,House,House,False,1012.0,m2,False
2016516375,listing,/1105-mount-amos-road-cooktown-qld-4895-2016516375,266000,is-sold,Sold by private treaty 09 Dec 2020,20201209,1105 Mount Amos Road,COOKTOWN,QLD,4895,-15.65959,145.3045,NaN,NaN,NaN,VacantLand,Vacant land,True,44.51,ha,False
2016664232,listing,/28-racecourse-rd-cooktown-qld-4895-2016664232,340000,is-sold,Sold by private treaty 23 Dec 2020,20201223,28 Racecourse Rd,COOKTOWN,QLD,4895,-15.4826183,145.2423,3,3,3,House,House,False,1839.0,m2,False
2016687319,listing,/13-charlotte-street-cooktown-qld-4895-2016687319,175000,is-sold,Sold by private treaty 08 Jan 2021,20210108,13 Charlotte Street,COOKTOWN,QLD,4895,-15.47783,145.240341,1,1,1,House,House,False,3212.0,m2,False
2016692796,listing,/cooktown-qld-4895-2016692796,430000,is-sold,Sold by private treaty 05 Jan 2021,20210105,NaN,COOKTOWN,QLD,4895,-15.4758167,145.2471,NaN,NaN,NaN,House,House,True,14.19,ha,False
2016698700,listing,/61-hope-street-cooktown-qld-4895-2016698700,265000,is-sold,Sold by private treaty 09 Feb 2021,20210209,61 Hope Street,COOKTOWN,QLD,4895,-15.4753962,145.249451,3,3,3,House,House,False,0.0,m2,False
2016783337,listing,/9-mason-street-cooktown-qld-4895-2016783337,200000,is-sold,Sold by private treaty 04 Feb 2021,20210204,9 Mason Street,COOKTOWN,QLD,4895,-15.4824486,145.244644,1,1,1,House,House,False,0.0,m2,False
2017156873,listing,/helenvale-bloomfield-road-rossville-qld-4895-2017156873,Price Withheld,is-sold,Sold by private treaty 21 Dec 2020,20201221,Helenvale Bloomfield Road,ROSSVILLE,QLD,4895,-15.75461,145.270569,NaN,NaN,NaN,VacantLand,Vacant land,False,4000.0,m2,False
2012965420,listing,/lot-7-endeavour-valley-road-cooktown-qld-4895-2012965420,93500,is-sold,Sold by private treaty 22 Oct 2020,20201022,Lot 7 Endeavour Valley Road,COOKTOWN,QLD,4895,-15.422924,145.1324,NaN,NaN,NaN,VacantLand,Vacant land,True,3.23,ha,False
2014038863,listing,/21-racecourse-rd-cooktown-qld-4895-2014038863,450000,is-sold,Sold by private treaty 01 Dec 2020,20201201,21 Racecourse Rd,COOKTOWN,QLD,4895,-15.4839115,145.2421,4,4,4,House,House,True,1.63,ha,False
2014086067,listing,/2-7-green-street-cooktown-qld-4895-2014086067,340000,is-sold,Sold by private treaty 23 Jul 2020,20200723,2/7 Green Street,COOKTOWN,QLD,4895,-15.4662247,145.2528,3,3,3,House,House,False,1012.0,m2,False
2014493968,listing,/4-garden-street-cooktown-qld-4895-2014493968,57000,is-sold,Sold by private treaty 15 Oct 2020,20201015,4 Garden Street,COOKTOWN,QLD,4895,-15.4809484,145.253372,NaN,NaN,NaN,VacantLand,Vacant land,False,800.0,m2,False
2014777400,listing,/17-kerr-st-cooktown-qld-4895-2014777400,285000,is-sold,Sold by private treaty 25 Aug 2020,20200825,17 Kerr St,COOKTOWN,QLD,4895,-15.4723921,145.255249,3,3,3,House,House,False,1012.0,m2,False
2015314309,listing,/152-shiptons-flat-road-cooktown-qld-4895-2015314309,795000,is-sold,Sold by private treaty 20 Sep 2020,20200920,152 Shiptons Flat Road,COOKTOWN,QLD,4895,-15.6818857,145.21904,5,5,5,House,House,True,84.98,ha,False
2015328255,listing,/70-oakey-creek-road-cooktown-qld-4895-2015328255,430000,is-sold,Sold by private treaty 16 Oct 2020,20201016,70 Oakey Creek Road,COOKTOWN,QLD,4895,-15.4743767,145.183365,5,5,5,House,House,True,32.37,ha,False
2015439969,listing,/545-bloomfield-rd-road-rossville-qld-4895-2015439969,160000,is-sold,Sold by private treaty 05 Aug 2020,20200805,545 Bloomfield Rd Road,ROSSVILLE,QLD,4895,-15.80658,145.315765,2,2,2,House,House,False,3827.0,m2,False
2015535993,listing,/125-flaggy-road-cooktown-qld-4895-2015535993,540000,is-sold,Sold by private treaty 22 Sep 2020,20200922,125 Flaggy Road,COOKTOWN,QLD,4895,-15.4589071,145.098709,2,2,2,House,House,True,115.34,ha,False
2015678946,listing,/429-railway-ave-cooktown-qld-4895-2015678946,315000,is-sold,Sold by private treaty 14 Aug 2020,20200814,429 Railway Ave,COOKTOWN,QLD,4895,-15.4438591,145.162827,3,3,3,Rural,Rural,True,11.65,ha,False
2015680758,listing,/cape-tribulation-bloomfield-road-degarra-qld-4895-2015680758,90000,is-sold,Sold by private treaty 05 Aug 2020,20200805,Cape Tribulation Bloomfield Road,DEGARRA,QLD,4895,-15.9475746,145.322891,NaN,NaN,NaN,Rural,Rural,True,4.65,ha,False
2015838700,listing,/434-wilton-access-rd-cooktown-qld-4895-2015838700,390000,is-sold,Sold by private treaty 16 Sep 2020,20200916,434 Wilton Access Rd.,COOKTOWN,QLD,4895,-15.4424458,145.108688,1,1,1,Rural,Rural,True,122.9,ha,False
2016300116,listing,/21-may-st-cooktown-qld-4895-2016300116,Price Withheld,is-sold,Sold by private treaty 02 Nov 2020,20201102,21 May St,COOKTOWN,QLD,4895,-15.4765072,145.251617,3,3,3,House,House,False,1012.0,m2,False
2016300532,listing,/cooktown-qld-4895-2016300532,110000,is-sold,Sold by private treaty 14 Aug 2020,20200814,NaN,COOKTOWN,QLD,4895,-15.4758167,145.2471,NaN,NaN,NaN,VacantLand,Vacant land,False,4027.0,m2,False
2016390268,listing,/60-starcke-street-cooktown-qld-4895-2016390268,310000,is-sold,Sold by private treaty 31 Jul 2020,20200731,60 Starcke Street,COOKTOWN,QLD,4895,-15.4570017,145.186981,2,2,2,House,House,False,8371.0,m2,False
2016398978,listing,/cooktown-qld-4895-2016398978,215000,is-sold,Sold by private treaty 22 Oct 2020,20201022,NaN,COOKTOWN,QLD,4895,-15.4758167,145.2471,NaN,NaN,NaN,Rural,Rural,True,16.18,ha,False
2016506108,listing,/18-kerr-street-cooktown-qld-4895-2016506108,420000,is-sold,Sold by private treaty 26 Oct 2020,20201026,18 Kerr Street,COOKTOWN,QLD,4895,-15.47296,145.255234,5,5,5,House,House,False,1450.0,m2,False
2016515634,listing,/lot-7-mount-amos-road-cooktown-qld-4895-2016515634,260000,is-sold,Sold by private treaty 23 Nov 2020,20201123,Lot/7 Mount Amos Road,COOKTOWN,QLD,4895,-15.6438665,145.270889,NaN,NaN,NaN,VacantLand,Vacant land,True,14.2,ha,False
2016523812,listing,/20-west-street-bloomfield-qld-4895-2016523812,165000,is-sold,Sold by private treaty 12 Nov 2020,20201112,20 West Street,BLOOMFIELD,QLD,4895,-15.9206686,145.351059,2,2,2,House,House,False,4811.0,m2,False
2017157018,listing,/63-hope-street-cooktown-qld-4895-2017157018,70000,is-sold,Sold by private treaty 10 Sep 2020,20200910,63 Hope Street,COOKTOWN,QLD,4895,-15.4752483,145.249435,NaN,NaN,NaN,VacantLand,Vacant land,False,1012.0,m2,False
2012122869,listing,/3-banks-street-cooktown-qld-4895-2012122869,385000,is-sold,Sold by private treaty 09 Dec 2019,20191209,3 Banks Street,COOKTOWN,QLD,4895,-15.4608107,145.192612,3,3,3,House,House,False,1252.0,m2,False
2012849475,listing,/29-may-street-cooktown-qld-4895-2012849475,70000,is-sold,Sold by private treaty 05 Feb 2020,20200205,29 May Street,COOKTOWN,QLD,4895,-15.4758425,145.2518,NaN,NaN,NaN,VacantLand,Vacant land,False,1012.0,m2,False
2013942931,listing,/6-howard-street-cooktown-qld-4895-2013942931,303000,is-sold,Sold by private treaty 15 Jun 2020,20200615,6 Howard Street,COOKTOWN,QLD,4895,-15.4738169,145.246658,2,2,2,Duplex,Duplex,False,1012.0,m2,False
2014038918,listing,/24-clay-cl-cooktown-qld-4895-2014038918,472000,is-sold,Sold by private treaty 25 Mar 2020,20200325,24 Clay Cl,COOKTOWN,QLD,4895,-15.50539,145.249222,3,3,3,AcreageSemiRural,Acreage / Semi-Rural,True,3000.0,m2,False
2014636593,listing,/34-bradbury-street-cooktown-qld-4895-2014636593,265000,is-sold,Sold by private treaty 23 Mar 2020,20200323,34 Bradbury Street,COOKTOWN,QLD,4895,-15.4513178,145.175064,2,2,2,House,House,False,2023.0,m2,False
2014654433,listing,/4-hogg-street-cooktown-qld-4895-2014654433,52500,is-sold,Sold by private treaty 20 Jul 2020,20200720,4 Hogg Street,COOKTOWN,QLD,4895,-15.4719334,145.2478,NaN,NaN,NaN,VacantLand,Vacant land,False,1012.0,m2,False
2014708910,listing,/17-charles-st-cooktown-qld-4895-2014708910,287000,is-sold,Sold by private treaty 06 Mar 2020,20200306,17 Charles St,COOKTOWN,QLD,4895,-15.4813185,145.253357,3,3,3,House,House,False,876.0,m2,False
2014750673,listing,/3146-endeavour-valley-road-cooktown-qld-4895-2014750673,Price Withheld,is-sold,Sold by private treaty 07 Feb 2020,20200207,3146 Endeavour Valley Road,COOKTOWN,QLD,4895,-15.3641634,145.032761,NaN,NaN,NaN,Rural,Rural,True,0.0,m2,False
2014776650,listing,/10-neill-cl-cooktown-qld-4895-2014776650,255000,is-sold,Sold by private treaty 20 Feb 2020,20200220,10 Neill Cl,COOKTOWN,QLD,4895,-15.4745445,145.208725,2,2,2,AcreageSemiRural,Acreage / Semi-Rural,True,1.49,ha,False
2014777393,listing,/6-howard-st-cooktown-qld-4895-2014777393,Price Withheld,is-sold,Sold by private treaty 15 Jun 2020,20200615,6 Howard St,COOKTOWN,QLD,4895,-15.4738169,145.246658,2,2,2,SemiDetached,Semi-Detached,False,1012.0,m2,False
2014841622,listing,/33-furneaux-st-cooktown-qld-4895-2014841622,341000,is-sold,Sold by private treaty 16 Jan 2020,20200116,33 Furneaux St,COOKTOWN,QLD,4895,-15.4696255,145.2552,3,3,3,House,House,False,3036.0,m2,False
2014900380,listing,/cooktown-qld-4895-2014900380,Price Withheld,is-sold,Sold by private treaty 09 Dec 2019,20191209,NaN,COOKTOWN,QLD,4895,-15.4758167,145.2471,5,5,5,Rural,Rural,True,115.0,ha,False
2015706081,listing,/43-howard-street-cooktown-qld-4895-2015706081,875000,is-sold,Sold by private treaty 28 Mar 2020,20200328,43 Howard Street,COOKTOWN,QLD,4895,-15.4750414,145.256821,10,10,10,House,House,True,2.02,ha,False
2015717825,listing,/87-hope-st-cooktown-qld-4895-2015717825,400000,is-sold,Sold by private treaty 25 Mar 2020,20200325,87 Hope St,COOKTOWN,QLD,4895,-15.4718733,145.250336,3,3,3,House,House,False,1012.0,m2,False
2015828379,listing,/25-may-street-cooktown-qld-4895-2015828379,70000,is-sold,Sold by private treaty 27 Mar 2020,20200327,25 May Street,COOKTOWN,QLD,4895,-15.4761953,145.251709,NaN,NaN,NaN,VacantLand,Vacant land,False,1012.0,m2,False
2016143037,listing,/36-435-shiptons-flat-road-rossville-qld-4895-2016143037,150000,is-sold,Sold by private treaty 19 May 2020,20200519,36/435 Shiptons Flat Road,ROSSVILLE,QLD,4895,-15.7090521,145.225937,NaN,NaN,NaN,Rural,Rural,True,11.93,ha,False
2016177957,listing,/idriess-close-degarra-qld-4895-2016177957,75000,is-sold,Sold by private treaty 20 Jul 2020,20200720,Idriess Close,DEGARRA,QLD,4895,-15.9422092,145.346375,NaN,NaN,NaN,Rural,Rural,True,4.64,ha,False
2016321840,listing,/61-power-st-cooktown-qld-4895-2016321840,82000,is-sold,Sold by private treaty 17 Apr 2020,20200417,61 Power St,COOKTOWN,QLD,4895,-15.4788046,145.25473,NaN,NaN,NaN,VacantLand,Vacant land,False,1057.0,m2,False
2016378787,listing,/51-helen-st-cooktown-qld-4895-2016378787,82500,is-sold,Sold by private treaty 20 Jul 2020,20200720,51 Helen St,COOKTOWN,QLD,4895,-15.468874,145.2499,NaN,NaN,NaN,VacantLand,Vacant land,False,1012.0,m2,False
2016411675,listing,/43-garden-st-cooktown-qld-4895-2016411675,Price Withheld,is-sold,Sold by private treaty 27 Apr 2020,20200427,43 Garden St,COOKTOWN,QLD,4895,-15.474947,145.254547,NaN,NaN,NaN,VacantLand,Vacant land,False,1012.0,m2,False
2012034541,listing,/5-emma-close-cooktown-qld-4895-2012034541,Price Withheld,is-sold,Sold by private treaty 20 Aug 2019,20190820,5 Emma Close,COOKTOWN,QLD,4895,-15.3667278,144.985733,NaN,NaN,NaN,VacantLand,Vacant land,True,1.17,ha,False
2013433058,listing,/1-collingwood-road-rossville-qld-4895-2013433058,132000,is-sold,Sold by private treaty 24 May 2019,20190524,1 Collingwood Road,ROSSVILLE,QLD,4895,-15.7548409,145.2708,3,3,3,House,House,False,4000.0,m2,False
2013749971,listing,/14-idriess-close-degarra-bloomfield-qld-4895-2013749971,100000,is-sold,Sold by private treaty 08 Aug 2019,20190808,14 Idriess Close Degarra,BLOOMFIELD,QLD,4895,-15.942194,145.346313,NaN,NaN,NaN,VacantLand,Vacant land,True,2.91,ha,False
2013820069,listing,/lot-4-esplanade-degarra-bloomfield-qld-4895-2013820069,85000,is-sold,Sold by private treaty 18 Oct 2019,20191018,Lot 4 Esplanade Degarra,BLOOMFIELD,QLD,4895,-15.9503975,145.337082,NaN,NaN,NaN,VacantLand,Vacant land,False,80937.0,m2,False
2013925525,listing,/36-helen-street-cooktown-qld-4895-2013925525,82000,is-sold,Sold by private treaty 12 Jul 2019,20190712,36 Helen Street,COOKTOWN,QLD,4895,-15.4716129,145.249924,NaN,NaN,NaN,VacantLand,Vacant land,False,1012.0,m2,False
2014186127,listing,/lot-23-clay-close-cooktown-qld-4895-2014186127,Price Withheld,is-sold,Sold by private treaty 05 Dec 2019,20191205,Lot 23 Clay Close,COOKTOWN,QLD,4895,-15.5035276,145.250534,5,5,5,House,House,True,1.42,ha,False
2014643353,listing,/13-mason-street-cooktown-qld-4895-2014643353,Price Withheld,is-sold,Sold by private treaty 26 Sep 2019,20190926,13 Mason Street,COOKTOWN,QLD,4895,-15.4821434,145.2445,3,3,3,House,House,False,1214.0,m2,False
2014657298,listing,/1-police-camp-road-cooktown-qld-4895-2014657298,190000,is-sold,Sold by private treaty 14 Jun 2019,20190614,1 Police Camp Road,COOKTOWN,QLD,4895,-15.4508924,145.178452,2,2,2,House,House,False,2023.0,m2,False
2014747801,listing,/86-charlotte-street-cooktown-qld-4895-2014747801,150000,is-sold,Sold by private treaty 18 Oct 2019,20191018,86 Charlotte Street,COOKTOWN,QLD,4895,-15.4709644,145.24884,NaN,NaN,NaN,VacantLand,Vacant land,False,1012.0,m2,False
2014891676,listing,/54-helen-st-cooktown-qld-4895-2014891676,110000,is-sold,Sold by private treaty 02 Aug 2019,20190802,54 Helen St,COOKTOWN,QLD,4895,-15.4675732,145.251053,NaN,NaN,NaN,VacantLand,Vacant land,False,1214.0,m2,False
2015265430,listing,/34-helen-st-cooktown-qld-4895-2015265430,210000,is-sold,Sold by private treaty 24 Sep 2019,20190924,34 Helen St,COOKTOWN,QLD,4895,-15.4717722,145.2498,3,3,3,House,House,False,0.0,m2,False
2015282134,listing,/2-armbrust-street-cooktown-qld-4895-2015282134,308000,is-sold,Sold by private treaty 27 Jun 2019,20190627,2 Armbrust Street,COOKTOWN,QLD,4895,-15.4757843,145.226761,3,3,3,House,House,False,2065.0,m2,False
2015290003,listing,/cooktown-qld-4895-2015290003,398000,is-sold,Sold by private treaty 30 Jul 2019,20190730,NaN,COOKTOWN,QLD,4895,-15.4758167,145.2471,3,3,3,House,House,True,1.62,ha,False
2015322096,listing,/3146-endeavour-valley-road-cooktown-qld-4895-2015322096,350000,is-sold,Sold by private treaty 04 Dec 2019,20191204,3146 Endeavour Valley Road,COOKTOWN,QLD,4895,-15.3641634,145.032761,NaN,NaN,NaN,Rural,Rural,True,0.0,m2,False
2015327527,listing,/27-may-st-cooktown-qld-4895-2015327527,415000,is-sold,Sold by private treaty 12 Jul 2019,20190712,27 May St,COOKTOWN,QLD,4895,-15.4759941,145.251846,4,4,4,House,House,False,1012.0,m2,False
2015328269,listing,/lot-1-oakey-creek-road-cooktown-qld-4895-2015328269,90000,is-sold,Sold by private treaty 26 Aug 2019,20190826,Lot 1 Oakey Creek Road,COOKTOWN,QLD,4895,-15.5059633,145.1532,NaN,NaN,NaN,Rural,Rural,True,17.07,ha,False
2015328273,listing,/cooktown-qld-4895-2015328273,330000,is-sold,Sold by private treaty 13 Aug 2019,20190813,NaN,COOKTOWN,QLD,4895,-15.4758167,145.2471,5,5,5,Rural,Rural,True,115.0,ha,False
2015456050,listing,/47-garden-st-cooktown-qld-4895-2015456050,Price Withheld,is-sold,Sold by private treaty 17 Jul 2019,20190717,47 Garden St,COOKTOWN,QLD,4895,-15.474596,145.254639,3,3,3,House,House,False,0.0,m2,False
2015532065,listing,/8-john-st-cooktown-qld-4895-2015532065,136000,is-sold,Sold by private treaty 22 Oct 2019,20191022,8 John St,COOKTOWN,QLD,4895,-15.4758463,145.251236,3,3,3,House,House,False,1012.0,m2,False
2015820082,listing,/23-third-street-bloomfield-qld-4895-2015820082,55000,is-sold,Sold by private treaty 05 Nov 2019,20191105,23 Third Street,BLOOMFIELD,QLD,4895,-15.9214516,145.350372,NaN,NaN,NaN,Rural,Rural,True,0.0,m2,False
2012321675,listing,/32a-charlotte-street-cooktown-qld-4895-2012321675,Price Withheld,is-sold,Sold by private treaty 09 Nov 2018,20181109,32A Charlotte Street,COOKTOWN,QLD,4895,-15.4776754,145.242966,NaN,NaN,NaN,VacantLand,Vacant land,False,975.0,m2,False
2013714933,listing,/14-ann-street-cooktown-qld-4895-2013714933,299000,is-sold,Sold by private treaty 01 Feb 2019,20190201,14 Ann Street,COOKTOWN,QLD,4895,-15.4663076,145.253967,2,2,2,House,House,False,2024.0,m2,False
2014038916,listing,/59-garden-st-cooktown-qld-4895-2014038916,225000,is-sold,Sold by private treaty 20 Feb 2019,20190220,59 Garden St,COOKTOWN,QLD,4895,-15.4724464,145.255554,3,3,3,House,House,False,800.0,m2,False
2014186114,listing,/51-wilkinson-st-cooktown-qld-4895-2014186114,345000,is-sold,Sold by private treaty 01 Mar 2019,20190301,51 Wilkinson St,COOKTOWN,QLD,4895,-15.4980764,145.227966,3,3,3,House,House,True,1.53,ha,False
2014335040,listing,/l123-racecourse-road-cooktown-qld-4895-2014335040,Price Withheld,is-sold,Sold by private treaty 23 Oct 2018,20181023,L123 Racecourse Road,COOKTOWN,QLD,4895,-15.4822826,145.241241,NaN,NaN,NaN,VacantLand,Vacant land,False,2001.0,m2,False
2014352359,listing,/bloomfield-qld-4895-2014352359,135000,is-sold,Sold by private treaty 16 Oct 2018,20181016,NaN,BLOOMFIELD,QLD,4895,-15.9330559,145.341385,NaN,NaN,NaN,VacantLand,Vacant land,True,1.01,ha,False
2014363134,listing,/431-railway-avenue-cooktown-qld-4895-2014363134,125000,is-sold,Sold by private treaty 02 Nov 2018,20181102,431 Railway Avenue,COOKTOWN,QLD,4895,-15.4437447,145.16507,NaN,NaN,NaN,Rural,Rural,True,10.03,ha,False
2014384543,listing,/92-hope-street-cooktown-qld-4895-2014384543,Price Withheld,is-sold,Sold by private treaty 01 Mar 2019,20190301,92 Hope Street,COOKTOWN,QLD,4895,-15.4708061,145.251343,2,2,2,House,House,False,1012.0,m2,False
2014404716,listing,/9-ann-st-cooktown-qld-4895-2014404716,269000,is-sold,Sold by private treaty 03 Apr 2019,20190403,9 Ann St,COOKTOWN,QLD,4895,-15.4669619,145.253067,3,3,3,House,House,False,1012.0,m2,False
2014429807,listing,/lot-72-palmer-road-cooktown-qld-4895-2014429807,Price Withheld,is-sold,Sold by private treaty 14 Nov 2018,20181114,Lot 72 Palmer Road,COOKTOWN,QLD,4895,-15.5178576,145.102921,3,3,3,Rural,Rural,True,9712.0,m2,False
2014567043,listing,/61-garden-st-cooktown-qld-4895-2014567043,Price Withheld,is-sold,Sold by private treaty 28 Feb 2019,20190228,61 Garden St,COOKTOWN,QLD,4895,-15.4720516,145.255554,NaN,1.0,2.0,Studio,Studio,False,1507.0,m2,False
2014637136,listing,/43-mulligan-hwy-cooktown-qld-4895-2014637136,150000,is-sold,Sold by private treaty 04 Apr 2019,20190404,43 Mulligan Hwy,COOKTOWN,QLD,4895,-15.4898834,145.2432,1,1,1,House,House,True,1.7,ha,False
2014650495,listing,/4-collingwood-rd-rossville-qld-4895-2014650495,241500,is-sold,Sold by private treaty 26 Oct 2018,20181026,4 Collingwood Rd,ROSSVILLE,QLD,4895,-15.7550859,145.27037,3,3,3,House,House,False,4000.0,m2,False
2014657329,listing,/50-quarantine-bay-rd-cooktown-qld-4895-2014657329,Price Withheld,is-sold,Sold by private treaty 25 Oct 2018,20181025,50 Quarantine Bay Rd,COOKTOWN,QLD,4895,-15.50048,145.24675,NaN,NaN,NaN,VacantLand,Vacant land,False,4194.0,m2,False
2014668680,listing,/6-helen-st-cooktown-qld-4895-2014668680,340000,is-sold,Sold by private treaty 08 Nov 2018,20181108,6 Helen St,COOKTOWN,QLD,4895,-15.47547,145.248749,3,3,3,House,House,False,1012.0,m2,False
2014670895,listing,/65-charlotte-st-cooktown-qld-4895-2014670895,70000,is-sold,Sold by private treaty 22 Oct 2018,20181022,65 Charlotte St,COOKTOWN,QLD,4895,-15.4728107,145.247574,NaN,NaN,NaN,VacantLand,Vacant land,False,1012.0,m2,False
2015125466,listing,/6-ida-st-cooktown-qld-4895-2015125466,120000,is-sold,Sold by private treaty 24 Apr 2019,20190424,6 Ida St,COOKTOWN,QLD,4895,-15.4792233,145.250885,2,2,2,House,House,False,1012.0,m2,False
2015364442,listing,/50-52-charlotte-street-cooktown-qld-4895-2015364442,Price Withheld,is-sold,Sold by private treaty 30 Apr 2019,20190430,50-52 Charlotte Street,COOKTOWN,QLD,4895,-15.475194,145.2477,NaN,NaN,NaN,VacantLand,Vacant land,False,0.0,m2,False
2015796783,listing,/1-collingwood-road-rossville-qld-4895-2015796783,Price Withheld,is-sold,Sold by private treaty 24 Apr 2019,20190424,1 Collingwood Road,ROSSVILLE,QLD,4895,-15.75522,145.271881,3,3,3,House,House,False,4000.0,m2,False
2015863995,listing,/61-garden-street-cooktown-qld-4895-2015863995,135000,is-sold,Sold by private treaty 14 Mar 2019,20190314,61 Garden Street,COOKTOWN,QLD,4895,-15.4720516,145.255554,1,1,1,House,House,False,0.0,m2,False
2012034594,listing,/26-flinders-street-cooktown-qld-4895-2012034594,460000,is-sold,Sold by private treaty 14 Sep 2018,20180914,26 Flinders Street,COOKTOWN,QLD,4895,-15.4606762,145.2512,3,3,3,House,House,False,1050.0,m2,False
2012050684,listing,/12-racecourse-road-cooktown-qld-4895-2012050684,235000,is-sold,Sold by private treaty 13 Apr 2018,20180413,12 Racecourse road,COOKTOWN,QLD,4895,-15.4844437,145.242676,3,3,3,House,House,False,0.0,m2,False
2013309285,listing,/25-wilkinson-street-cooktown-qld-4895-2013309285,564000,is-sold,Sold by private treaty 20 Aug 2018,20180820,25 Wilkinson Street,COOKTOWN,QLD,4895,-15.4997606,145.231171,4,4,4,AcreageSemiRural,Acreage / Semi-Rural,True,4.05,ha,False
2013615418,listing,/16-east-street-bloomfield-qld-4895-2013615418,60000,is-sold,Sold by private treaty 21 Jan 2018,20180121,16 East Street,BLOOMFIELD,QLD,4895,-15.9208212,145.35408,NaN,NaN,NaN,VacantLand,Vacant land,False,1012.0,m2,False
2013719399,listing,/21-may-st-cooktown-qld-4895-2013719399,280000,is-sold,Sold by private treaty 11 Oct 2018,20181011,21 May St,COOKTOWN,QLD,4895,-15.4765205,145.251633,3,3,3,House,House,False,1012.0,m2,False
2013926199,listing,/4-gum-tree-close-cooktown-qld-4895-2013926199,205000,is-sold,Sold by private treaty 24 Aug 2018,20180824,4 Gum Tree Close,COOKTOWN,QLD,4895,-15.4786415,145.208466,3,3,3,House,House,False,4000.0,m2,False
2014038917,listing,/12-honeyflow-dr-rossville-qld-4895-2014038917,300000,is-sold,Sold by private treaty 04 Jul 2018,20180704,12 Honeyflow Dr,ROSSVILLE,QLD,4895,-15.7645178,145.26123,3,3,3,House,House,False,4000.0,m2,False
2014038943,listing,/41-may-st-cooktown-qld-4895-2014038943,260000,is-sold,Sold by private treaty 06 Jun 2018,20180606,41 May St,COOKTOWN,QLD,4895,-15.4741745,145.252243,3,3,3,House,House,False,1012.0,m2,False
2014038952,listing,/20-hogg-st-cooktown-qld-4895-2014038952,260000,is-sold,Sold by private treaty 10 Sep 2018,20180910,20 Hogg St,COOKTOWN,QLD,4895,-15.4731293,145.252518,3,3,3,House,House,False,1012.0,m2,False
2014038967,listing,/11-helen-st-cooktown-qld-4895-2014038967,240000,is-sold,Sold by private treaty 12 Jun 2018,20180612,11 Helen St,COOKTOWN,QLD,4895,-15.4747686,145.2484,3,3,3,House,House,False,1012.0,m2,False
2014084693,listing,/28-helen-street-cooktown-qld-4895-2014084693,330000,is-sold,Sold by private treaty 02 May 2018,20180502,28 Helen Street,COOKTOWN,QLD,4895,-15.472743,145.249512,3,3,3,House,House,False,0.0,m2,False
2014169888,listing,/14-newman-st-cooktown-qld-4895-2014169888,290000,is-sold,Sold by private treaty 20 Sep 2018,20180920,14 Newman St,COOKTOWN,QLD,4895,-15.4826279,145.244171,4,4,4,House,House,False,1012.0,m2,False
2014201272,listing,/40-hope-street-cooktown-qld-4895-2014201272,280000,is-sold,Sold by private treaty 27 Jun 2018,20180627,40 Hope Street,COOKTOWN,QLD,4895,-15.4798622,145.248947,4,4,4,House,House,False,1012.0,m2,False
2014256938,listing,/20-hutchinson-street-cooktown-qld-4895-2014256938,340000,is-sold,Sold by private treaty 12 Jun 2018,20180612,20 Hutchinson Street,COOKTOWN,QLD,4895,-15.5043211,145.2327,3,3,3,AcreageSemiRural,Acreage / Semi-Rural,True,3.0,ha,False
2014260065,listing,/9-bloodwood-road-bloomfield-qld-4895-2014260065,110000,is-sold,Sold by private treaty 26 Apr 2018,20180426,9 Bloodwood Road,BLOOMFIELD,QLD,4895,-15.8953171,145.324982,NaN,NaN,NaN,VacantLand,Vacant land,True,10.12,ha,False
2014291883,listing,/16-adelaide-st-cooktown-qld-4895-2014291883,275000,is-sold,Sold by private treaty 16 Aug 2018,20180816,16 Adelaide St,COOKTOWN,QLD,4895,-15.4740248,145.246735,3,3,3,House,House,False,1012.0,m2,False
2014313857,listing,/90-hope-st-cooktown-qld-4895-2014313857,270000,is-sold,Sold by private treaty 06 Oct 2018,20181006,90 Hope St,COOKTOWN,QLD,4895,-15.4709911,145.2513,3,3,3,House,House,False,0.0,m2,False
2014404880,listing,/3326-bloomfield-road-bloomfield-qld-4895-2014404880,65000,is-sold,Sold by private treaty 24 Jul 2018,20180724,3326 Bloomfield Road,BLOOMFIELD,QLD,4895,-15.9425116,145.334717,NaN,NaN,NaN,Rural,Rural,True,9731.0,m2,False
2014565499,listing,/31-slaughter-yard-road-cooktown-qld-4895-2014565499,310000,is-sold,Sold by private treaty 03 Oct 2018,20181003,31 Slaughter Yard Road,COOKTOWN,QLD,4895,-15.4537125,145.195969,1,1,1,House,House,False,4132.0,m2,False
2014589904,listing,/122-endeavour-valley-road-cooktown-qld-4895-2014589904,535000,is-sold,Sold by private treaty 17 Jul 2018,20180717,122 Endeavour Valley Road,COOKTOWN,QLD,4895,-15.4749041,145.228256,4,4,4,VacantLand,Vacant land,False,8195.0,m2,False
2006492969,listing,/l2-endeavour-valley-rd-cooktown-qld-4895-2006492969,Price Withheld,is-sold,Sold by private treaty 03 Sep 2017,20170903,L2 Endeavour Valley Rd,COOKTOWN,QLD,4895,-15.47447,145.25148,NaN,NaN,NaN,VacantLand,Vacant land,True,19.0,ha,False
2011892144,listing,/13-mason-street-cooktown-qld-4895-2011892144,280000,is-sold,Sold by private treaty 25 Mar 2017,20170325,13 Mason Street,COOKTOWN,QLD,4895,-15.4819117,145.244919,3,3,3,House,House,False,0.0,m2,False
2011988995,listing,/18b-adelaide-street-cooktown-qld-4895-2011988995,Price Withheld,is-sold,Sold by private treaty 19 May 2017,20170519,18b Adelaide Street,COOKTOWN,QLD,4895,-15.4730473,145.247009,2,2,2,SemiDetached,Semi-Detached,False,0.0,m2,False
2012034444,listing,/8-buhmann-street-cooktown-qld-4895-2012034444,Price Withheld,is-sold,Sold by private treaty 01 Feb 2017,20170201,8 Buhmann Street,COOKTOWN,QLD,4895,-15.4865723,145.2416,3,3,3,House,House,False,4000.0,m2,False
2012034645,listing,/58c-helen-street-cooktown-qld-4895-2012034645,340000,is-sold,Sold by private treaty 29 Nov 2017,20171129,58C Helen Street,COOKTOWN,QLD,4895,-15.4670134,145.2511,2,2,2,House,House,False,684.0,m2,False
2012034808,listing,/20-pryde-street-cooktown-qld-4895-2012034808,465000,is-sold,Sold by private treaty 20 Mar 2017,20170320,20 Pryde Street,COOKTOWN,QLD,4895,-15.4688854,145.2558,4,4,4,House,House,False,1184.0,m2,False
2012034949,listing,/29-walker-street-cooktown-qld-4895-2012034949,235000,is-sold,Sold by private treaty 04 Jul 2017,20170704,29 Walker Street,COOKTOWN,QLD,4895,-15.4699059,145.2536,3,3,3,House,House,False,0.0,m2,False
2012068304,listing,/7-howard-st-cooktown-qld-4895-2012068304,50000,is-sold,Sold by private treaty 30 Jan 2017,20170130,7 Howard st,COOKTOWN,QLD,4895,-15.4735069,145.247375,NaN,NaN,NaN,VacantLand,Vacant land,False,1012.0,m2,False
2012073186,listing,/320-endeavour-valley-road-cooktown-qld-4895-2012073186,Price Withheld,is-sold,Sold by private treaty 03 Mar 2017,20170303,320 Endeavour Valley Road,COOKTOWN,QLD,4895,-15.4760618,145.209473,3,3,3,House,House,False,0.0,m2,False
2012516440,listing,/123-railway-avenue-cooktown-qld-4895-2012516440,Price Withheld,is-sold,Sold by private treaty 12 Jun 2017,20170612,123 Railway avenue,COOKTOWN,QLD,4895,-15.4399633,145.135727,4,4,4,Rural,Rural,True,6.66,ha,False
2012531463,listing,/27-the-esplanade-cooktown-qld-4895-2012531463,665000,is-sold,Sold by private treaty 11 Oct 2017,20171011,27 The Esplanade,COOKTOWN,QLD,4895,-15.4932938,145.2751,5,5,5,House,House,False,604.0,m2,False
2012784852,listing,/10-third-street-ayton-bloomfield-qld-4895-2012784852,130000,is-sold,Sold by private treaty 05 Oct 2017,20171005,10 Third Street Ayton,BLOOMFIELD,QLD,4895,-15.92111,145.353577,2,2,2,House,House,False,1012.0,m2,False
2013020229,listing,/47-mason-street-cooktown-qld-4895-2013020229,330000,is-sold,Sold by private treaty 18 Feb 2017,20170218,47 Mason Street,COOKTOWN,QLD,4895,-15.4786558,145.2433,3,3,3,House,House,False,1213.0,m2,False
2013352165,listing,/32-schwartz-street-cooktown-qld-4895-2013352165,360000,is-sold,Sold by private treaty 29 Jan 2017,20170129,32 Schwartz Street,COOKTOWN,QLD,4895,-15.4970789,145.2385,3,3,3,House,House,False,4649.0,m2,False
2013608130,listing,/2574-rossville-bloomfield-road-bloomfield-qld-4895-2013608130,280000,is-sold,Sold by private treaty 30 Aug 2017,20170830,2574 Rossville Bloomfield Road,BLOOMFIELD,QLD,4895,-15.8893156,145.334686,1,1,1,House,House,True,10.12,ha,False
2014038899,listing,/32-helen-st-cooktown-qld-4895-2014038899,310000,is-sold,Sold by private treaty 27 Dec 2017,20171227,32 Helen St,COOKTOWN,QLD,4895,-15.4719019,145.249771,3,3,3,House,House,False,1012.0,m2,False
2014038914,listing,/6-garden-st-cooktown-qld-4895-2014038914,335000,is-sold,Sold by private treaty 08 Sep 2017,20170908,6 Garden St,COOKTOWN,QLD,4895,-15.4806671,145.25354,3,3,3,House,House,False,5286.0,m2,False
2014038915,listing,/23-clay-cl-cooktown-qld-4895-2014038915,202000,is-sold,Sold by private treaty 15 Dec 2017,20171215,23 Clay Cl,COOKTOWN,QLD,4895,-15.5058413,145.250854,NaN,NaN,NaN,VacantLand,Vacant land,True,2.02,ha,False
2014404713,listing,/lot-2-collingwood-road-rossville-qld-4895-2014404713,Price Withheld,is-sold,Sold by private treaty 10 Sep 2017,20170910,Lot 2 Collingwood Road,ROSSVILLE,QLD,4895,-15.7548323,145.270813,NaN,NaN,NaN,VacantLand,Vacant land,True,3.54,ha,False
2015676914,listing,/45-charlotte-street-cooktown-qld-4895-2015676914,42000,is-sold,Sold by private treaty 02 Jan 2018,20180102,45 Charlotte Street,COOKTOWN,QLD,4895,-15.4751911,145.246933,NaN,NaN,NaN,Rural,Rural,True,1012.0,m2,False
2011145332,listing,/lot-7-endeavour-valley-road-cooktown-qld-4895-2011145332,Price Withheld,is-sold,Sold by private treaty 23 Jan 2016,20160123,Lot 7 Endeavour Valley Road,COOKTOWN,QLD,4895,-15.4203568,145.12323,NaN,NaN,NaN,VacantLand,Vacant land,True,10.12,ha,False
2011932661,listing,/39-helen-cooktown-qld-4895-2011932661,270000,is-sold,Sold by private treaty 15 Jan 2016,20160115,39 Helen,COOKTOWN,QLD,4895,-15.4703283,145.249664,3,3,3,Duplex,Duplex,False,1012.0,m2,False
2012034641,listing,/14-helen-street-cooktown-qld-4895-2012034641,380000,is-sold,Sold by private treaty 22 Mar 2016,20160322,14 Helen Street,COOKTOWN,QLD,4895,-15.474246,145.249329,5,5,5,House,House,False,1022.0,m2,False
2012034644,listing,/27-helen-street-cooktown-qld-4895-2012034644,250000,is-sold,Sold by private treaty 22 Mar 2016,20160322,27 Helen Street,COOKTOWN,QLD,4895,-15.4721832,145.249176,3,3,3,House,House,False,1521.0,m2,False
2012034802,listing,/402-police-camp-road-cooktown-qld-4895-2012034802,Price Withheld,is-sold,Sold by private treaty 18 May 2016,20160518,402 Police Camp Road,COOKTOWN,QLD,4895,-15.4506168,145.1792,1,1,1,House,House,False,1000.0,m2,False
2012034812,listing,/77-may-street-cooktown-qld-4895-2012034812,165000,is-sold,Sold by private treaty 08 Apr 2016,20160408,77 May Street,COOKTOWN,QLD,4895,-15.4671965,145.25441,3,3,3,House,House,False,1012.0,m2,False
2012034845,listing,/1-railway-avenue-cooktown-qld-4895-2012034845,Price Withheld,is-sold,Sold by private treaty 23 Jan 2017,20170123,1 Railway Avenue,COOKTOWN,QLD,4895,-15.43965,145.119614,4,4,4,Rural,Rural,True,28.33,ha,False
2012034855,listing,/19-quarantine-bay-road-cooktown-qld-4895-2012034855,Price Withheld,is-sold,Sold by private treaty 18 Jan 2016,20160118,19 Quarantine Bay Road,COOKTOWN,QLD,4895,-15.49839,145.244324,NaN,NaN,NaN,VacantLand,Vacant land,True,20.0,ha,False
2012034864,listing,/32-schwartz-street-cooktown-qld-4895-2012034864,410000,is-sold,Sold by private treaty 25 Nov 2016,20161125,32 Schwartz Street,COOKTOWN,QLD,4895,-15.4961891,145.239182,3,3,3,House,House,False,4649.0,m2,False
2012034895,listing,/19-slaughter-yard-road-cooktown-qld-4895-2012034895,550000,is-sold,Sold by private treaty 12 Jan 2016,20160112,19 Slaughter Yard Road,COOKTOWN,QLD,4895,-15.4681416,145.2505,3,3,3,AcreageSemiRural,Acreage / Semi-Rural,False,0.0,m2,False
2012048363,listing,/19-ida-street-cooktown-qld-4895-2012048363,265000,is-sold,Sold by private treaty 29 Jan 2017,20170129,19 Ida Street,COOKTOWN,QLD,4895,-15.4797134,145.25412,3,3,3,House,House,False,1012.0,m2,False
2012169107,listing,/hope-vale-qld-4895-2012169107,255000,is-sold,Sold by private treaty 24 Oct 2016,20161024,NaN,HOPE VALE,QLD,4895,-15.294199,145.108231,NaN,NaN,NaN,Rural,Rural,True,405.0,ha,False
2012257476,listing,/17-neill-close-cooktown-qld-4895-2012257476,360000,is-sold,Sold by private treaty 16 Dec 2016,20161216,17 Neill Close,COOKTOWN,QLD,4895,-15.4750834,145.207413,2,2,2,House,House,False,4500.0,m2,False
2012374099,listing,/43-may-street-cooktown-qld-4895-2012374099,120000,is-sold,Sold by private treaty 17 Mar 2016,20160317,43 May Street,COOKTOWN,QLD,4895,-15.4737043,145.252563,1,1,1,House,House,False,1012.0,m2,False
2012409049,listing,/cooktown-qld-4895-2012409049,Price Withheld,is-sold,Sold by private treaty 18 Jan 2016,20160118,NaN,COOKTOWN,QLD,4895,-15.4681416,145.2505,3,3,3,Rural,Rural,True,12.14,ha,False
2012423104,listing,/16-john-street-cooktown-qld-4895-2012423104,130000,is-sold,Sold by private treaty 24 Jun 2016,20160624,16 John Street,COOKTOWN,QLD,4895,-15.4749146,145.25177,1,1,1,Villa,Villa,False,1012.0,m2,False
2012494278,listing,/38-slaughter-yard-road-cooktown-qld-4895-2012494278,135000,is-sold,Sold by private treaty 29 Apr 2016,20160429,38 Slaughter Yard Road,COOKTOWN,QLD,4895,-15.4681416,145.2505,NaN,NaN,NaN,VacantLand,Vacant land,False,6237.0,m2,False
2012536946,listing,/14-east-street-bloomfield-qld-4895-2012536946,59000,is-sold,Sold by private treaty 22 Sep 2016,20160922,14 East Street,BLOOMFIELD,QLD,4895,-15.9206228,145.354111,NaN,NaN,NaN,VacantLand,Vacant land,False,1012.0,m2,False
2012948588,listing,/11-flinders-st-cooktown-qld-4895-2012948588,499000,is-sold,Sold by private treaty 04 Jan 2017,20170104,11 Flinders st,COOKTOWN,QLD,4895,-15.4611664,145.2508,4,4,4,House,House,False,1991.0,m2,False
2013078187,listing,/lot-6-7-pebble-close-cooktown-qld-4895-2013078187,Price Withheld,is-sold,Sold by private treaty 01 Nov 2016,20161101,Lot 6-7 Pebble Close,COOKTOWN,QLD,4895,-15.4758167,145.2471,1,1,1,VacantLand,Vacant land,False,0.0,m2,False
2011943880,listing,/59-charlotte-st-cooktown-qld-4895-2011943880,Price Withheld,is-sold,Sold by private treaty 03 Oct 2015,20151003,59 Charlotte St,COOKTOWN,QLD,4895,-15.4731293,145.2477,2,2,2,Duplex,Duplex,False,0.0,m2,False
2012034446,listing,/12-east-street-bloomfield-qld-4895-2012034446,42000,is-sold,Sold by private treaty 08 Aug 2015,20150808,12 East Street,BLOOMFIELD,QLD,4895,-15.9204416,145.354141,NaN,NaN,NaN,Rural,Rural,False,1012.0,m2,False
2012034460,listing,/17-charles-cooktown-qld-4895-2012034460,220000,is-sold,Sold by private treaty 11 Aug 2015,20150811,17 Charles,COOKTOWN,QLD,4895,-15.4809866,145.253647,3,3,3,House,House,False,0.0,m2,False
2012034580,listing,/10-flinders-street-cooktown-qld-4895-2012034580,100000,is-sold,Sold by private treaty 21 Dec 2015,20151221,10 Flinders Street,COOKTOWN,QLD,4895,-15.46236,145.251846,NaN,NaN,NaN,VacantLand,Vacant land,False,966.0,m2,False
2012034587,listing,/22-furneaux-street-cooktown-qld-4895-2012034587,165000,is-sold,Sold by private treaty 22 Jun 2015,20150622,22 Furneaux Street,COOKTOWN,QLD,4895,-15.4697733,145.253052,1,1,1,House,House,False,1012.0,m2,False
2012034613,listing,/39-garden-street-cooktown-qld-4895-2012034613,435000,is-sold,Sold by private treaty 10 Aug 2015,20150810,39 Garden Street,COOKTOWN,QLD,4895,-15.4748306,145.254929,4,4,4,House,House,False,1012.0,m2,False
2012034795,listing,/79-may-street-cooktown-qld-4895-2012034795,179000,is-sold,Sold by private treaty 08 Aug 2015,20150808,79 May Street,COOKTOWN,QLD,4895,-15.4670172,145.254456,2,2,2,House,House,False,1012.0,m2,False
2012034796,listing,/11-newman-street-cooktown-qld-4895-2012034796,260000,is-sold,Sold by private treaty 27 Aug 2015,20150827,11 Newman Street,COOKTOWN,QLD,4895,-15.4831562,145.24411,4,4,4,House,House,False,1012.0,m2,False
2012034811,listing,/73-may-street-cooktown-qld-4895-2012034811,430000,is-sold,Sold by private treaty 08 Aug 2015,20150808,73 May Street,COOKTOWN,QLD,4895,-15.4675531,145.254318,2,2,2,House,House,False,1012.0,m2,False
2012034822,listing,/8-quarantine-bay-cooktown-qld-4895-2012034822,Price Withheld,is-sold,Sold by private treaty 03 Oct 2015,20151003,8 Quarantine Bay,COOKTOWN,QLD,4895,-15.4983892,145.244324,NaN,NaN,NaN,VacantLand,Vacant land,False,809.0,m2,False
2012034833,listing,/14-racecourse-cooktown-qld-4895-2012034833,375000,is-sold,Sold by private treaty 14 Dec 2015,20151214,14 Racecourse,COOKTOWN,QLD,4895,-15.4840641,145.243164,4,4,4,House,House,False,1323.0,m2,False
2012034867,listing,/16-seagren-cooktown-qld-4895-2012034867,440000,is-sold,Sold by private treaty 10 Aug 2015,20150810,16 Seagren,COOKTOWN,QLD,4895,-15.482688,145.2437,4,4,4,House,House,False,1012.0,m2,False
2012034870,listing,/26-seagren-street-cooktown-qld-4895-2012034870,196000,is-sold,Sold by private treaty 03 Sep 2015,20150903,26 Seagren Street,COOKTOWN,QLD,4895,-15.4817629,145.2431,2,2,2,House,House,False,1012.0,m2,False
2012034952,listing,/92-94-starke-street-cooktown-qld-4895-2012034952,300000,is-sold,Sold by private treaty 25 Jun 2015,20150625,92-94 Starke Street,COOKTOWN,QLD,4895,-15.454,145.1832,3,3,3,House,House,True,1.27,ha,False
2012034959,listing,/1-unnamed-cooktown-qld-4895-2012034959,Price Withheld,is-sold,Sold by private treaty 08 Aug 2015,20150808,1 Unnamed,COOKTOWN,QLD,4895,-15.4681416,145.2505,NaN,NaN,NaN,VacantLand,Vacant land,False,0.0,m2,False
2012035157,listing,/lot-1-bloomfield-road-bloomfield-qld-4895-2012035157,187000,is-sold,Sold at auction 09 Jun 2015,20150609,Lot 1 Bloomfield Road,BLOOMFIELD,QLD,4895,-15.9052029,145.347275,2,2,2,AcreageSemiRural,Acreage / Semi-Rural,False,0.0,m2,False
2012050938,listing,/20-helen-street-cooktown-qld-4895-2012050938,80000,is-sold,Sold by private treaty 22 Jun 2015,20150622,20 Helen Street,COOKTOWN,QLD,4895,-15.4732218,145.2497,NaN,NaN,NaN,VacantLand,Vacant land,False,0.0,m2,False
2012073215,listing,/30-flinders-cooktown-qld-4895-2012073215,320000,is-sold,Sold by private treaty 07 Aug 2015,20150807,30 Flinders,COOKTOWN,QLD,4895,-15.4603853,145.250824,2,2,2,House,House,False,0.0,m2,False
2012125568,listing,/164-charlotte-street-cooktown-qld-4895-2012125568,118000,is-sold,Sold by private treaty 20 Oct 2015,20151020,164 Charlotte Street,COOKTOWN,QLD,4895,-15.4630413,145.250687,NaN,NaN,NaN,VacantLand,Vacant land,False,506.0,m2,False
2012247669,listing,/1-irwin-street-cooktown-qld-4895-2012247669,60000,is-sold,Sold by private treaty 29 Sep 2015,20150929,1 Irwin Street,COOKTOWN,QLD,4895,-15.4640388,145.253326,NaN,NaN,NaN,VacantLand,Vacant land,False,1012.0,m2,False
2008951152,listing,/12-emily-street-cooktown-qld-4895-2008951152,Price Withheld,is-sold,Sold by private treaty 18 Jul 2011,20110718,12 Emily Street,COOKTOWN,QLD,4895,-15.4527731,145.175262,NaN,NaN,NaN,VacantLand,Vacant land,False,0.0,m2,False
2009493165,listing,/2-west-street-bloomfield-qld-4895-2009493165,78000,is-sold,Sold by private treaty 03 Jan 2013,20130103,2 West Street,BLOOMFIELD,QLD,4895,-15.9190111,145.351425,NaN,NaN,NaN,VacantLand,Vacant land,False,4881.0,m2,False
2009943760,listing,/5-mungumby-road-cooktown-qld-4895-2009943760,272000,is-sold,Sold by private treaty 29 Apr 2014,20140429,5 Mungumby Road,COOKTOWN,QLD,4895,-15.7015457,145.257126,1,1,1,House,House,False,0.0,m2,False
2010035865,listing,/6-esplanade-bloomfield-qld-4895-2010035865,180000,is-sold,Sold by private treaty 07 Mar 2014,20140307,6 Esplanade,BLOOMFIELD,QLD,4895,-15.9418774,145.335114,NaN,NaN,NaN,VacantLand,Vacant land,True,5.58,ha,False
2010359617,listing,/1-kellerhaven-road-cooktown-qld-4895-2010359617,Price Withheld,is-sold,Sold by private treaty 25 Apr 2013,20130425,1 Kellerhaven Road,COOKTOWN,QLD,4895,-15.5014057,145.243271,2,2,2,House,House,False,0.0,m2,False
2010537896,listing,/2-bloomfield-road-bloomfield-qld-4895-2010537896,Price Withheld,is-sold,Sold by private treaty 13 Apr 2013,20130413,2 Bloomfield Road,BLOOMFIELD,QLD,4895,-15.8917818,145.335342,NaN,NaN,NaN,VacantLand,Vacant land,True,3.0,ha,False
2010546971,listing,/cooktown-qld-4895-2010546971,Price Withheld,is-sold,Sold by private treaty 23 Aug 2013,20130823,NaN,COOKTOWN,QLD,4895,-15.4681416,145.2505,NaN,NaN,NaN,Rural,Rural,False,0.0,m2,False
2010885888,listing,/22-lot-22-west-street-bloomfield-qld-4895-2010885888,75000,is-sold,Sold by private treaty 01 Sep 2014,20140901,22/Lot 22 West Street,BLOOMFIELD,QLD,4895,-15.9240837,145.351257,NaN,NaN,NaN,VacantLand,Vacant land,False,3784.0,m2,False
2011077230,listing,/lot-1-dowling-road-bloomfield-qld-4895-2011077230,169000,is-sold,Sold by private treaty 05 May 2015,20150505,Lot 1 Dowling Road,BLOOMFIELD,QLD,4895,-15.908989,145.339188,NaN,NaN,NaN,VacantLand,Vacant land,True,10.12,ha,False
2011172832,listing,/lot-7-banabilla-road-bloomfield-qld-4895-2011172832,170000,is-sold,Sold by private treaty 20 May 2015,20150520,Lot 7 Banabilla Road,BLOOMFIELD,QLD,4895,-15.8853455,145.333878,NaN,NaN,NaN,VacantLand,Vacant land,True,8.5,ha,False
2011395461,listing,/46-lot-46-bloomfield-road-bloomfield-qld-4895-2011395461,340000,is-sold,Sold by private treaty 14 Apr 2015,20150414,46/Lot 46 Bloomfield Road,BLOOMFIELD,QLD,4895,-15.9120922,145.342316,NaN,NaN,NaN,VacantLand,Vacant land,True,98.34,ha,False
2011487868,listing,/lot-2-collingwood-road-cooktown-qld-4895-2011487868,92000,is-sold,Sold by private treaty 14 Apr 2015,20150414,LOT 2 Collingwood Road,COOKTOWN,QLD,4895,-15.4681416,145.2505,NaN,NaN,NaN,VacantLand,Vacant land,True,3.0,ha,False
2016844849,listing,/bloomfield-qld-4895-2016844849,Price Withheld,is-sold,Sold at auction 09 Jun 2015,20150609,NaN,BLOOMFIELD,QLD,4895,-15.9330559,145.341385,2,2,2,AcreageSemiRural,Acreage / Semi-Rural,True,0.0,m2,False
2018252961,listing,/67-charlotte-cooktown-qld-4895-2018252961,253000,is-sold,Sold by private treaty 04 Feb 2014,20140204,67 Charlotte,COOKTOWN,QLD,4895,-15.4726515,145.247635,3,3,3,House,House,False,0.0,m2,False
2018303757,listing,/30-schwartz-street-cooktown-qld-4895-2018303757,380000,is-sold,Sold by private treaty 19 Sep 2009,20090919,30 Schwartz Street,COOKTOWN,QLD,4895,-15.4958239,145.238541,5,5,5,House,House,False,5543.0,m2,False
2018298920,listing,/29-walker-street-cooktown-qld-4895-2018298920,Price Withheld,is-sold,Sold by private treaty 06 Mar 2023,20230306,29 Walker Street,COOKTOWN,QLD,4895,-15.4706373,145.253281,3,1,3,House,House,False,809,m2,False
